Sample	0	1	2	3	4	5	6	7	8	9	10	11	12	13	14	15	16	17	18	19	20	21	22	23	24	25	26	27	28	29	30	31	32	33	34	35	36	37	38	39	40	41	42	43	44	45	46	47	48	49	50	51	52	53	54	55	56	57	58	59	60	61	62	63	64	65	66	67	68	69	70	71	72	73	74	75	76	77	78	79	80	81	82	83	84	85	86	87	88	89	90	91	92	93	94	95	96	97	98	99	100
M145_1_1_trimmed_R1	(0.0, 0.1267004220228549)	(1.0, 0.07067365017443644)	(2.0, 0.009054050146774807)	(3.0, 0.0023004463076887038)	(4.0, 0.0008090254598905227)	(5.0, 0.0004221002399428814)	(6.0, 0.0003587852039514492)	(7.0, 0.000302505171959065)	(8.0, 0.00023919013596763276)	(9.0, 0.00020401511597239268)	(10.0, 0.00023215513196858477)	(11.0, 0.00021808512397048874)	(12.0, 0.00022512012796953673)	(13.0, 0.00026733015196382486)	(14.0, 0.00026029514796477684)	(15.0, 0.000302505171959065)	(16.0, 0.00034471519595335315)	(17.0, 0.0003728552119495452)	(18.0, 0.0004221002399428814)	(19.0, 0.00047134526793621756)	(20.0, 0.0004924502799333616)	(21.0, 0.0004924502799333616)	(22.0, 0.0004854152759343136)	(23.0, 0.0004854152759343136)	(24.0, 0.0004994852839324096)	(25.0, 0.0006964653959057543)	(26.0, 0.0009356555318733871)	(27.0, 0.000914550519876243)	(28.0, 0.0009637955478695792)	(29.0, 0.001266300719828644)	(30.0, 0.0014421758198048449)	(31.0, 0.0016180509197810454)	(32.0, 0.0018009610237562938)	(33.0, 0.0019416611037372544)	(34.0, 0.0023145163156867996)	(35.0, 0.0025959164756487207)	(36.0, 0.0028984216476077855)	(37.0, 0.0032079618235658987)	(38.0, 0.0034823269795287715)	(39.0, 0.003644132071506876)	(40.0, 0.0038340771794811725)	(41.0, 0.004481297547393591)	(42.0, 0.005620968195239371)	(43.0, 0.0064370286591289416)	(44.0, 0.006669183791097526)	(45.0, 0.007175704079028983)	(46.0, 0.00864601991483002)	(47.0, 0.01117158635048826)	(48.0, 0.013711222794144596)	(49.0, 0.020408546601238316)	(50.0, 0.02959626182399503)	(51.0, 0.03914979725470225)	(52.0, 0.049167642949346634)	(53.0, 0.06971688963056591)	(54.0, 0.11566250074834855)	(55.0, 0.21380784153906754)	(56.0, 0.29413351720019787)	(57.0, 0.39955305212593245)	(58.0, 0.68046076180792)	(59.0, 1.1620489955667515)	(60.0, 2.3951022864958946)	(61.0, 3.7132439507935238)	(62.0, 3.9463488083019795)	(63.0, 4.572963649501187)	(64.0, 5.193549492273209)	(65.0, 5.080349242924527)	(66.0, 5.3513375969678565)	(67.0, 5.87991262243633)	(68.0, 6.296673294343933)	(69.0, 6.248926722202395)	(70.0, 6.0447638711460225)	(71.0, 5.991234525717267)	(72.0, 5.942144267811909)	(73.0, 5.546573027949438)	(74.0, 4.765033328683196)	(75.0, 4.053829599399436)	(76.0, 3.4375351090668325)	(77.0, 2.8322644700007378)	(78.0, 2.3064753061158876)	(79.0, 1.8346868329277302)	(80.0, 1.4175884808281718)	(81.0, 1.0687226325153805)	(82.0, 0.7985573739399392)	(83.0, 0.5929453120597626)	(84.0, 0.4256107069384064)	(85.0, 0.29870626979957904)	(86.0, 0.21299178107517794)	(87.0, 0.15261034175134877)	(88.0, 0.09124400186765286)	(89.0, 0.04640992138171981)	(90.0, 0.029371141696025494)	(91.0, 0.020106041429279253)	(92.0, 0.011241936390478742)	(93.0, 0.005381778059271738)	(94.0, 0.00234969133568204)	(95.0, 0.0013858957878124605)	(96.0, 0.0011256006398476838)	(97.0, 0.0010552505998572036)	(98.0, 0.0009356555318733871)	(99.0, 0.0006472203679124182)	(100.0, 0.0002532601439657288)
M145_1_1_trimmed_R2	(0.0, 0.047154065634095854)	(1.0, 0.038391854930446695)	(2.0, 0.034788439765572506)	(3.0, 0.030312322490455353)	(4.0, 0.013660603193400006)	(5.0, 0.004187562545117467)	(6.0, 0.0010768017973159202)	(7.0, 0.0003448580919508502)	(8.0, 0.00024632720853632164)	(9.0, 0.0002252134478046369)	(10.0, 0.00021113760731684712)	(11.0, 0.000147796325121793)	(12.0, 9.853088341452864e-05)	(13.0, 0.00012668256439010825)	(14.0, 0.00014075840487789808)	(15.0, 0.00013372048463400316)	(16.0, 0.00010556880365842356)	(17.0, 9.853088341452864e-05)	(18.0, 7.741712268284394e-05)	(19.0, 9.149296317063374e-05)	(20.0, 0.00015483424536568788)	(21.0, 0.00015483424536568788)	(22.0, 9.149296317063374e-05)	(23.0, 6.334128219505412e-05)	(24.0, 0.00013372048463400316)	(25.0, 0.00016891008585347768)	(26.0, 0.00015483424536568788)	(27.0, 0.0002252134478046369)	(28.0, 0.00030966849073137576)	(29.0, 0.0002604030490241114)	(30.0, 0.000288554729999691)	(31.0, 0.0003941235336581146)	(32.0, 0.00044338897536537887)	(33.0, 0.00047857857658485344)	(34.0, 0.0005208060980482228)	(35.0, 0.000591185300487172)	(36.0, 0.0007319437053650699)	(37.0, 0.0007600953863406496)	(38.0, 0.0007530574660967546)	(39.0, 0.0009641950734136017)	(40.0, 0.0011049534782914998)	(41.0, 0.0012527498034132928)	(42.0, 0.0017031766990225664)	(43.0, 0.00182282134316878)	(44.0, 0.0019917314290222574)	(45.0, 0.002702561373655643)	(46.0, 0.0035400738826791367)	(47.0, 0.004961733771945907)	(48.0, 0.007066071924870483)	(49.0, 0.013041266211937257)	(50.0, 0.02183162859656199)	(51.0, 0.027659026558506966)	(52.0, 0.03795550387532522)	(53.0, 0.07257503355504424)	(54.0, 0.18551253970882575)	(55.0, 0.5921846851618049)	(56.0, 1.6573387244740792)	(57.0, 2.6549005777639865)	(58.0, 2.622265741593046)	(59.0, 1.8727976148206777)	(60.0, 1.6658968354906551)	(61.0, 2.276717933458294)	(62.0, 2.9204131568851657)	(63.0, 3.4750505375457914)	(64.0, 4.192179420797462)	(65.0, 4.9275505933213095)	(66.0, 5.540405650239434)	(67.0, 6.039450498893533)	(68.0, 6.32628093843347)	(69.0, 6.295884160900088)	(70.0, 6.192454884995809)	(71.0, 6.04255422172109)	(72.0, 5.643553409333958)	(73.0, 5.114576285882572)	(74.0, 4.585944020523138)	(75.0, 4.143744453678978)	(76.0, 3.403207447696112)	(77.0, 2.6243630418257267)	(78.0, 2.1197582361789498)	(79.0, 1.6958994894903792)	(80.0, 1.3230867783307785)	(81.0, 0.9984908587621016)	(82.0, 0.7393757491426229)	(83.0, 0.5409204741052746)	(84.0, 0.39873337141786575)	(85.0, 0.2906942577538351)	(86.0, 0.19663949161442357)	(87.0, 0.1300889177881534)	(88.0, 0.07849392448015986)	(89.0, 0.039292708721665244)	(90.0, 0.022155372927781154)	(91.0, 0.015244135248276362)	(92.0, 0.009888277942672339)	(93.0, 0.005918890925115613)	(94.0, 0.0039553111770689355)	(95.0, 0.0032233674717038656)	(96.0, 0.0026532959319483787)	(97.0, 0.0026251442509727992)	(98.0, 0.0026532959319483787)	(99.0, 0.0023013999197536335)	(100.0, 0.004208676305849152)
M145_1_2_trimmed_R1	(0.0, 0.09198035541256713)	(1.0, 0.052090613384000506)	(2.0, 0.00773659621749297)	(3.0, 0.0021840152001535175)	(4.0, 0.0007699579010710707)	(5.0, 0.00037757550917908274)	(6.0, 0.0002517170061193885)	(7.0, 0.00024431356476293587)	(8.0, 0.0002961376542581041)	(9.0, 0.0002517170061193885)	(10.0, 0.0002591204474758411)	(11.0, 0.0003331548610403671)	(12.0, 0.0004516099227436088)	(13.0, 0.00043680304003070356)	(14.0, 0.00038497895053553533)	(15.0, 0.00048122368816941915)	(16.0, 0.0004516099227436088)	(17.0, 0.00054045121902104)	(18.0, 0.000614485632585566)	(19.0, 0.0006292925152984713)	(20.0, 0.0007033269288629973)	(21.0, 0.0007403441356452602)	(22.0, 0.0008810095214178596)	(23.0, 0.000969850817695291)	(24.0, 0.0009624473763388383)	(25.0, 0.0011031127621114378)	(26.0, 0.0011697437343195112)	(27.0, 0.0013474263268743736)	(28.0, 0.0017175983946970037)	(29.0, 0.002102577345232539)	(30.0, 0.002457942530342264)	(31.0, 0.002391311558134191)	(32.0, 0.002568994150689053)	(33.0, 0.003161269459205261)	(34.0, 0.0033833726998988393)	(35.0, 0.0036054759405924177)	(36.0, 0.004064489304692479)	(37.0, 0.0046123439650699715)	(38.0, 0.0047159921440603075)	(39.0, 0.005115777977308748)	(40.0, 0.0060782253536475865)	(41.0, 0.006500221510965386)	(42.0, 0.00688520046150092)	(43.0, 0.00756631706629456)	(44.0, 0.008425116263643062)	(45.0, 0.009232091371496396)	(46.0, 0.009987242389854562)	(47.0, 0.011675227019125755)	(48.0, 0.01462179667899389)	(49.0, 0.020514935998730163)	(50.0, 0.027155822895468147)	(51.0, 0.03447042295564332)	(52.0, 0.044701978910260814)	(53.0, 0.06409159182281018)	(54.0, 0.10503262252399308)	(55.0, 0.19622821315277622)	(56.0, 0.27569675267293847)	(57.0, 0.38094407499626864)	(58.0, 0.6593652940883817)	(59.0, 1.136013655499513)	(60.0, 2.353901968960036)	(61.0, 3.683678491640626)	(62.0, 3.952490043852064)	(63.0, 4.592014115105152)	(64.0, 5.212230011300613)	(65.0, 5.115237526089728)	(66.0, 5.4091911651476785)	(67.0, 5.929149658494057)	(68.0, 6.3300830251527485)	(69.0, 6.273098737032131)	(70.0, 6.072880068988228)	(71.0, 6.034219298224833)	(72.0, 5.977049924070306)	(73.0, 5.565270515824412)	(74.0, 4.755408065842062)	(75.0, 4.047313320745509)	(76.0, 3.43673670519615)	(77.0, 2.8074071726908962)	(78.0, 2.285323891675215)	(79.0, 1.8218906730853517)	(80.0, 1.4018120070788744)	(81.0, 1.0499634566134646)	(82.0, 0.78254375137704)	(83.0, 0.5833171444749006)	(84.0, 0.42009347288918997)	(85.0, 0.2977442010324543)	(86.0, 0.21177544000132667)	(87.0, 0.1529180812175285)	(88.0, 0.09367574348319478)	(89.0, 0.04601238803035292)	(90.0, 0.02862910772540221)	(91.0, 0.01956729550510423)	(92.0, 0.010912672559411137)	(93.0, 0.0055895982241217146)	(94.0, 0.0025541872679761476)	(95.0, 0.0012437781478840373)	(96.0, 0.0010438852312598169)	(97.0, 0.0008736060800614071)	(98.0, 0.0007107303702194498)	(99.0, 0.0005182408949516822)	(100.0, 0.00019989291662422028)
M145_1_2_trimmed_R2	(0.0, 0.03528076385964151)	(1.0, 0.028252752754939624)	(2.0, 0.025468208839904943)	(3.0, 0.0226614478191652)	(4.0, 0.01041982257567498)	(5.0, 0.003132611904414013)	(6.0, 0.0007627872958738613)	(7.0, 0.0003999079026911506)	(8.0, 0.000288822374165831)	(9.0, 0.00022957675895232723)	(10.0, 0.0001777368456405114)	(11.0, 0.0001481140380337595)	(12.0, 0.0001110855285253196)	(13.0, 9.627412472194368e-05)	(14.0, 9.627412472194368e-05)	(15.0, 8.88684228202557e-05)	(16.0, 8.146272091856772e-05)	(17.0, 8.88684228202557e-05)	(18.0, 0.00011849123042700758)	(19.0, 0.0001110855285253196)	(20.0, 7.405701901687974e-05)	(21.0, 0.00011849123042700758)	(22.0, 0.00011849123042700758)	(23.0, 7.405701901687974e-05)	(24.0, 0.00012589693232869557)	(25.0, 0.00014070833613207153)	(26.0, 0.0001703311437388234)	(27.0, 0.0001703311437388234)	(28.0, 0.0001999539513455753)	(29.0, 0.00028141667226414305)	(30.0, 0.0002221710570506392)	(31.0, 0.00026660526846076707)	(32.0, 0.0003999079026911506)	(33.0, 0.0004147193064945265)	(34.0, 0.0004739649217080303)	(35.0, 0.0006072675559384139)	(36.0, 0.0006368903635451659)	(37.0, 0.000555427642626598)	(38.0, 0.0006665131711519176)	(39.0, 0.0007701929977755494)	(40.0, 0.0008886842282025568)	(41.0, 0.0011923180061717638)	(42.0, 0.001503357486042659)	(43.0, 0.0017181228411916102)	(44.0, 0.002066190830570945)	(45.0, 0.0028734123378549342)	(46.0, 0.0037176623546473627)	(47.0, 0.00475446062088368)	(48.0, 0.006813245749552937)	(49.0, 0.011412186630501168)	(50.0, 0.01868458589795876)	(51.0, 0.02470542154403108)	(52.0, 0.033103487500545245)	(53.0, 0.06387417890205878)	(54.0, 0.1747005078608193)	(55.0, 0.5739567087846214)	(56.0, 1.6199602624847358)	(57.0, 2.607984575996535)	(58.0, 2.578665402167753)	(59.0, 1.8509515105002854)	(60.0, 1.673288721878791)	(61.0, 2.289428308695427)	(62.0, 2.9309028017177376)	(63.0, 3.494972898463606)	(64.0, 4.220642816406206)	(65.0, 4.963923493471023)	(66.0, 5.586469012432619)	(67.0, 6.087664700033155)	(68.0, 6.368355613510933)	(69.0, 6.329201667556708)	(70.0, 6.223803718091885)	(71.0, 6.065803068019372)	(72.0, 5.653927551055094)	(73.0, 5.127197003297536)	(74.0, 4.587913790816619)	(75.0, 4.133766527397506)	(76.0, 3.3965733372958775)	(77.0, 2.6081697185440773)	(78.0, 2.101671548381932)	(79.0, 1.6829235400528872)	(80.0, 1.3130457585730813)	(81.0, 0.9867060985732988)	(82.0, 0.7260476087395873)	(83.0, 0.531455385570834)	(84.0, 0.3931835253644179)	(85.0, 0.28992582374918247)	(86.0, 0.19570307845400642)	(87.0, 0.12897029861789608)	(88.0, 0.07875223402254991)	(89.0, 0.03962791087593235)	(90.0, 0.022068991667030163)	(91.0, 0.014744752486260757)	(92.0, 0.009694063789309558)	(93.0, 0.005954184328957132)	(94.0, 0.003628793931827107)	(95.0, 0.002977092164478566)	(96.0, 0.002569778559885727)	(97.0, 0.0021254364457844485)	(98.0, 0.002066190830570945)	(99.0, 0.002006945215357441)	(100.0, 0.004117570257338513)
M145_1_3_trimmed_R1	(0.0, 0.10773247417206315)	(1.0, 0.06088163936193268)	(2.0, 0.009101830667518369)	(3.0, 0.0026094567622679146)	(4.0, 0.0008755040117413047)	(5.0, 0.0005912494624746474)	(6.0, 0.00035247564109065516)	(7.0, 0.0002671992763106579)	(8.0, 0.0003581607320759883)	(9.0, 0.0002956247312373237)	(10.0, 0.00022740363941332588)	(11.0, 0.00030699491320798996)	(12.0, 0.00030699491320798996)	(13.0, 0.0003183650951786563)	(14.0, 0.00032973527714932253)	(15.0, 0.00032973527714932253)	(16.0, 0.00040364145995865346)	(17.0, 0.0004661774607973181)	(18.0, 0.0004946029157239839)	(19.0, 0.0004491221878413186)	(20.0, 0.00047186255178265123)	(21.0, 0.0005969345534599806)	(22.0, 0.0005855643714893143)	(23.0, 0.0006992661911959772)	(24.0, 0.0007902276469613076)	(25.0, 0.0008357083748439727)	(26.0, 0.001154073470022629)	(27.0, 0.0012620901987439588)	(28.0, 0.0014383280192892863)	(29.0, 0.0016259360218052802)	(30.0, 0.0015577149299812825)	(31.0, 0.001779433478409275)	(32.0, 0.0021319091194999303)	(33.0, 0.0023649978498985896)	(34.0, 0.0027856945828132426)	(35.0, 0.003087004405035899)	(36.0, 0.0034849607740092196)	(37.0, 0.003996618962689202)	(38.0, 0.0040818953274692)	(39.0, 0.0045708131522078504)	(40.0, 0.00530987498030116)	(41.0, 0.005645295348435816)	(42.0, 0.006412782631455791)	(43.0, 0.007168899732505099)	(44.0, 0.007913646651583742)	(45.0, 0.008732299753471714)	(46.0, 0.009977334679259674)	(47.0, 0.012342332529158263)	(48.0, 0.014474241648658194)	(49.0, 0.020557289002964663)	(50.0, 0.02863011820213773)	(51.0, 0.03701562740550412)	(52.0, 0.046964536629837135)	(53.0, 0.06745928963196313)	(54.0, 0.11002925093013774)	(55.0, 0.20695436713908258)	(56.0, 0.2902636904381545)	(57.0, 0.39410187728526447)	(58.0, 0.6822109182399777)	(59.0, 1.1684340098515804)	(60.0, 2.4213143611992995)	(61.0, 3.80322353755014)	(62.0, 4.047693820101435)	(63.0, 4.63982447167881)	(64.0, 5.228538383573998)	(65.0, 5.108673925239234)	(66.0, 5.382519072911747)	(67.0, 5.894734400508293)	(68.0, 6.320928616405763)	(69.0, 6.236948452370421)	(70.0, 6.002239471040943)	(71.0, 5.966838409475273)	(72.0, 5.9317386577318265)	(73.0, 5.535101229867103)	(74.0, 4.736687051886916)	(75.0, 4.029211589308117)	(76.0, 3.4090648093550215)	(77.0, 2.7956605473105314)	(78.0, 2.2762308392535973)	(79.0, 1.8060681296755607)	(80.0, 1.387554471699276)	(81.0, 1.0414745579671207)	(82.0, 0.7785163595315212)	(83.0, 0.5776848353836425)	(84.0, 0.41712081068487833)	(85.0, 0.29625577633669564)	(86.0, 0.20919997807828916)	(87.0, 0.15130869657464172)	(88.0, 0.09236567323870765)	(89.0, 0.046316436257509155)	(90.0, 0.028732449839873726)	(91.0, 0.019141701347616707)	(92.0, 0.010904004509868977)	(93.0, 0.006043251717409136)	(94.0, 0.0026776778540919125)	(95.0, 0.0013587367454946221)	(96.0, 0.0011427032880519626)	(97.0, 0.0009152996486386367)	(98.0, 0.0007049512821813103)	(99.0, 0.0005116581886799833)	(100.0, 0.00023308873039865904)
M145_1_3_trimmed_R2	(0.0, 0.043347350417376064)	(1.0, 0.03469152946024587)	(2.0, 0.029197756106377423)	(3.0, 0.024955152667468665)	(4.0, 0.01173256152073561)	(5.0, 0.003668202705222719)	(6.0, 0.001052120155761555)	(7.0, 0.0005800878696631276)	(8.0, 0.000409473790350443)	(9.0, 0.0002729825269002953)	(10.0, 0.00018767548724395305)	(11.0, 0.00014786553540432665)	(12.0, 0.00010805558356470023)	(13.0, 0.0001251169914959687)	(14.0, 0.00011374271954178973)	(15.0, 7.96199036792528e-05)	(16.0, 0.00011374271954178973)	(17.0, 9.099417563343178e-05)	(18.0, 7.96199036792528e-05)	(19.0, 0.00010805558356470023)	(20.0, 0.00011942985551887921)	(21.0, 0.00010236844758761075)	(22.0, 7.393276770216332e-05)	(23.0, 9.668131161052126e-05)	(24.0, 0.0001308041274730582)	(25.0, 0.00014786553540432665)	(26.0, 0.00013649126345014766)	(27.0, 0.00011942985551887921)	(28.0, 0.0001592398073585056)	(29.0, 0.00022748543908357945)	(30.0, 0.00021611116712940047)	(31.0, 0.0002672953909232059)	(32.0, 0.0004379094702358905)	(33.0, 0.0005061551019609643)	(34.0, 0.00044359660621298)	(35.0, 0.0005800878696631276)	(36.0, 0.0007563890849529017)	(37.0, 0.0007620762209299912)	(38.0, 0.0008018861727696176)	(39.0, 0.0009326903002426758)	(40.0, 0.0011089915155324498)	(41.0, 0.0013876611784098348)	(42.0, 0.0017232022010581142)	(43.0, 0.0020814917676147517)	(44.0, 0.0024625298780797476)	(45.0, 0.002968684980040712)	(46.0, 0.00387862673637503)	(47.0, 0.005271975050761954)	(48.0, 0.007029300067682606)	(49.0, 0.011925924143956653)	(50.0, 0.019415882225783505)	(51.0, 0.02544424636149836)	(52.0, 0.035459292817152946)	(53.0, 0.06847311716415741)	(54.0, 0.18351250370872355)	(55.0, 0.5879361173115111)	(56.0, 1.688089823535564)	(57.0, 2.733766454235077)	(58.0, 2.690572656489082)	(59.0, 1.9017441479228618)	(60.0, 1.6798093535529215)	(61.0, 2.2976086218801295)	(62.0, 2.943900441452556)	(63.0, 3.503872911164718)	(64.0, 4.215873899816437)	(65.0, 4.948871794495569)	(66.0, 5.558288224392547)	(67.0, 6.043582911589547)	(68.0, 6.317719927093192)	(69.0, 6.277460691511375)	(70.0, 6.186875989668294)	(71.0, 6.0387772816889065)	(72.0, 5.626545230389575)	(73.0, 5.099978997406836)	(74.0, 4.56635502867653)	(75.0, 4.118612500336252)	(76.0, 3.3813776893541876)	(77.0, 2.5910136540741533)	(78.0, 2.0846822508978993)	(79.0, 1.667576324066202)	(80.0, 1.3012053372861203)	(81.0, 0.9825664827617505)	(82.0, 0.7210150991754051)	(83.0, 0.5261340106484796)	(84.0, 0.38818115325221997)	(85.0, 0.2824516083021493)	(86.0, 0.19261192127206672)	(87.0, 0.12975200731729664)	(88.0, 0.07889195027418536)	(89.0, 0.039832700383534765)	(90.0, 0.022231014534442803)	(91.0, 0.015400764225958331)	(92.0, 0.010361961750257043)	(93.0, 0.006346843750431867)	(94.0, 0.003730761200970703)	(95.0, 0.003019869203834517)	(96.0, 0.003201857555101381)	(97.0, 0.0030994891075137704)	(98.0, 0.002456842742102658)	(99.0, 0.0021554245353169153)	(100.0, 0.004236916302931668)
M145_2_1_trimmed_R1	(0.0, 0.08571457799299746)	(1.0, 0.04869228735704591)	(2.0, 0.007645395775757312)	(3.0, 0.002503597912483908)	(4.0, 0.0008883734528168706)	(5.0, 0.0006124392742904184)	(6.0, 0.0005720586627987425)	(7.0, 0.0003836158091709214)	(8.0, 0.00046437703215427336)	(9.0, 0.0004711071340695526)	(10.0, 0.00046437703215427336)	(11.0, 0.0004307265225778767)	(12.0, 0.00043745662449315605)	(13.0, 0.0004307265225778767)	(14.0, 0.00046437703215427336)	(15.0, 0.0005653285608834632)	(16.0, 0.0005989790704598599)	(17.0, 0.0006393596819515358)	(18.0, 0.000666280089612653)	(19.0, 0.000686470395358491)	(20.0, 0.0007806918221724016)	(21.0, 0.000915293860477988)	(22.0, 0.0009489443700543846)	(23.0, 0.0008278025355793568)	(24.0, 0.000854722943240474)	(25.0, 0.0009758647777155019)	(26.0, 0.001043165796868295)	(27.0, 0.0012921795677336301)	(28.0, 0.0013796708926322615)	(29.0, 0.001231608650496116)	(30.0, 0.001251798956241954)	(31.0, 0.0013662106888017026)	(32.0, 0.0015546535424295236)	(33.0, 0.0015815739500906409)	(34.0, 0.0016959856826503895)	(35.0, 0.0017632867018031828)	(36.0, 0.001621954561582317)	(37.0, 0.0018440479247865348)	(38.0, 0.002146902510974104)	(39.0, 0.002227663733957456)	(40.0, 0.002429566791415836)	(41.0, 0.0031900683078423995)	(42.0, 0.0035265734036063656)	(43.0, 0.0034929228940299693)	(44.0, 0.003661175441911952)	(45.0, 0.004421676958338516)	(46.0, 0.0058013478509707775)	(47.0, 0.006952195278483541)	(48.0, 0.008513578922828344)	(49.0, 0.014059182901018506)	(50.0, 0.022343938358727354)	(51.0, 0.032021824912899025)	(52.0, 0.04735299707590532)	(53.0, 0.07508101696685612)	(54.0, 0.12285128036150876)	(55.0, 0.2586781972156761)	(56.0, 0.3476703348414146)	(57.0, 0.4179056784292696)	(58.0, 0.6858781463899465)	(59.0, 1.1878226074353089)	(60.0, 3.230590251474296)	(61.0, 5.165992579658832)	(62.0, 4.73898107333819)	(63.0, 5.390845284648314)	(64.0, 5.679425324673577)	(65.0, 4.268089302529926)	(66.0, 3.9760971008336172)	(67.0, 4.367028530786447)	(68.0, 4.838902896474342)	(69.0, 5.152572756439765)	(70.0, 5.387937880620914)	(71.0, 5.707987877202022)	(72.0, 6.117305945587395)	(73.0, 6.005404541042046)	(74.0, 5.208520093661482)	(75.0, 4.4421835788743715)	(76.0, 3.7858236594848402)	(77.0, 3.1107136761593406)	(78.0, 2.570380713789225)	(79.0, 2.0901610217263844)	(80.0, 1.6000211594404217)	(81.0, 1.1796388035063292)	(82.0, 0.864744064992325)	(83.0, 0.6103058319832748)	(84.0, 0.4100247290864775)	(85.0, 0.26281047979165756)	(86.0, 0.16009566436066452)	(87.0, 0.09922862263887834)	(88.0, 0.061405449875008546)	(89.0, 0.0344042809909079)	(90.0, 0.01929520219110582)	(91.0, 0.012295896199215325)	(92.0, 0.007443492718298932)	(93.0, 0.0037486667668105832)	(94.0, 0.0016152244596670375)	(95.0, 0.0009220239623932674)	(96.0, 0.000726851006850167)	(97.0, 0.000686470395358491)	(98.0, 0.0006797402934432116)	(99.0, 0.0004711071340695526)	(100.0, 0.00020190305745837968)
M145_2_1_trimmed_R2	(0.0, 0.030078650149888347)	(1.0, 0.02501617366987133)	(2.0, 0.02481421317199831)	(3.0, 0.02291578449199193)	(4.0, 0.010650050254503886)	(5.0, 0.0032852240987344484)	(6.0, 0.0009424823234074236)	(7.0, 0.0003500648629799002)	(8.0, 0.00020869251446878665)	(9.0, 0.00014810436510688088)	(10.0, 0.00010098024893650967)	(11.0, 0.000107712265532277)	(12.0, 0.0001211762987238116)	(13.0, 0.0001750324314899501)	(14.0, 0.00018176444808571743)	(15.0, 0.00014137234851111354)	(16.0, 0.00020196049787301934)	(17.0, 0.000215424531064554)	(18.0, 0.0002692806638306925)	(19.0, 0.00042411704553334067)	(20.0, 0.0005049012446825484)	(21.0, 0.0005856854438317561)	(22.0, 0.0005654893940444541)	(23.0, 0.000538561327661385)	(24.0, 0.0005318293110656176)	(25.0, 0.00046450914510794453)	(26.0, 0.0005049012446825484)	(27.0, 0.0005991494770232908)	(28.0, 0.000733789808938637)	(29.0, 0.0007607178753217062)	(30.0, 0.0006395415765978946)	(31.0, 0.0006395415765978946)	(32.0, 0.0007001297259598004)	(33.0, 0.0007203257757471024)	(34.0, 0.0007607178753217062)	(35.0, 0.0008011099748963101)	(36.0, 0.0008347700578751466)	(37.0, 0.0007943779583005428)	(38.0, 0.0009492143400031911)	(39.0, 0.0009828744229820276)	(40.0, 0.0010501945889397008)	(41.0, 0.0013733313855365315)	(42.0, 0.001534899783834947)	(43.0, 0.0018984286800063821)	(44.0, 0.002591826389370415)	(45.0, 0.003083263600861429)	(46.0, 0.003500648629799002)	(47.0, 0.004510451119164099)	(48.0, 0.006859924911086891)	(49.0, 0.014090110734940984)	(50.0, 0.025224866184340115)	(51.0, 0.032347339742661935)	(52.0, 0.042808893532484335)	(53.0, 0.07500139689344362)	(54.0, 0.16386401595757213)	(55.0, 0.6990189432214988)	(56.0, 2.776088415613162)	(57.0, 4.849125410063961)	(58.0, 4.62711023475215)	(59.0, 2.5685538079988475)	(60.0, 1.4950799056709834)	(61.0, 1.983514637760285)	(62.0, 2.4277671449315656)	(63.0, 2.8459532838440356)	(64.0, 3.308281255574951)	(65.0, 3.859835375266167)	(66.0, 4.449196500159212)	(67.0, 4.928071768682525)	(68.0, 5.193394006754906)	(69.0, 5.370277742808692)	(70.0, 5.574432878091931)	(71.0, 5.694828262890634)	(72.0, 5.659862168692218)	(73.0, 5.393765748711324)	(74.0, 4.996724873926159)	(75.0, 4.608563529030811)	(76.0, 3.8019131044761854)	(77.0, 2.9410968743920147)	(78.0, 2.400852542581688)	(79.0, 1.942920577687808)	(80.0, 1.505305838879954)	(81.0, 1.1184033810880152)	(82.0, 0.8267252980432047)	(83.0, 0.586526945906227)	(84.0, 0.38727945072130193)	(85.0, 0.253931665992343)	(86.0, 0.162941729683952)	(87.0, 0.09896737597437524)	(88.0, 0.05798285893934386)	(89.0, 0.03295322123628099)	(90.0, 0.017812915912400307)	(91.0, 0.01144442821280443)	(92.0, 0.007082081458747212)	(93.0, 0.004550843218738702)	(94.0, 0.0032313679659683094)	(95.0, 0.002672610588519623)	(96.0, 0.0026389505055407865)	(97.0, 0.0025850943727746475)	(98.0, 0.002160977327241307)	(99.0, 0.0018445725472402434)	(100.0, 0.0030294074680952904)
M145_2_3_trimmed_R1	(0.0, 0.0991251085988665)	(1.0, 0.05769901728356031)	(2.0, 0.010660794990282824)	(3.0, 0.00331318575807944)	(4.0, 0.0011569855028213919)	(5.0, 0.0005709798585352323)	(6.0, 0.0005484411799088415)	(7.0, 0.000593518537161623)	(8.0, 0.00045077357252781494)	(9.0, 0.00043574778677688784)	(10.0, 0.00039818332239956986)	(11.0, 0.0003380801793958613)	(12.0, 0.0004056962152750335)	(13.0, 0.0004958509297805965)	(14.0, 0.000488338036905133)	(15.0, 0.00043574778677688784)	(16.0, 0.000540928287033378)	(17.0, 0.0006385958944144046)	(18.0, 0.0007062119302935768)	(19.0, 0.000976676073810266)	(20.0, 0.0010668307883158288)	(21.0, 0.0009240858236820206)	(22.0, 0.0008714955735537757)	(23.0, 0.0009841889666857295)	(24.0, 0.0012020628600741732)	(25.0, 0.001262166003077882)	(26.0, 0.0010668307883158288)	(27.0, 0.0009841889666857295)	(28.0, 0.0012170886458251005)	(29.0, 0.001352320717583445)	(30.0, 0.0012170886458251005)	(31.0, 0.0012170886458251005)	(32.0, 0.0013898851819607629)	(33.0, 0.0014199367534626173)	(34.0, 0.0015176043608436437)	(35.0, 0.0016378106468510612)	(36.0, 0.0018481716473640413)	(37.0, 0.002178738933884439)	(38.0, 0.0022463549697636113)	(39.0, 0.0020960971122543394)	(40.0, 0.002193764719635366)	(41.0, 0.002817334828298844)	(42.0, 0.0032981599723285126)	(43.0, 0.0034108533654604663)	(44.0, 0.0034859822942151027)	(45.0, 0.004297374724765169)	(46.0, 0.005296589477201827)	(47.0, 0.00614554637212921)	(48.0, 0.007828434376233054)	(49.0, 0.015153504929810047)	(50.0, 0.028744328141523667)	(51.0, 0.0453252827176718)	(52.0, 0.06331114826153161)	(53.0, 0.0967360086644691)	(54.0, 0.15397673948262613)	(55.0, 0.30222865459414905)	(56.0, 0.40224028455232025)	(57.0, 0.47945779752633494)	(58.0, 0.7311697604258668)	(59.0, 1.1294432375399424)	(60.0, 2.9947442806600404)	(61.0, 4.814179112775434)	(62.0, 4.501469972620013)	(63.0, 5.349427652794962)	(64.0, 5.7250272192108875)	(65.0, 4.370760662372698)	(66.0, 4.069681480388495)	(67.0, 4.451929956999207)	(68.0, 4.938570080114484)	(69.0, 5.216509552042259)	(70.0, 5.406375380790975)	(71.0, 5.729587545186294)	(72.0, 6.221636951171907)	(73.0, 6.125712334937987)	(74.0, 5.242128516747591)	(75.0, 4.425394419363069)	(76.0, 3.7652365223960835)	(77.0, 3.0925095556484483)	(78.0, 2.550116254504355)	(79.0, 2.065211609643309)	(80.0, 1.5796007528519693)	(81.0, 1.1599005052570717)	(82.0, 0.8451403453466493)	(83.0, 0.5976431153502526)	(84.0, 0.40184961412279613)	(85.0, 0.25607695366017624)	(86.0, 0.1582140110643876)	(87.0, 0.09994401392229205)	(88.0, 0.06255985897398525)	(89.0, 0.035453341479312644)	(90.0, 0.02099102269404525)	(91.0, 0.014026570998490511)	(92.0, 0.008286720841636331)	(93.0, 0.0040043719026220895)	(94.0, 0.0016528364326019883)	(95.0, 0.0010518050025649017)	(96.0, 0.000939111609432948)	(97.0, 0.0008489568949273849)	(98.0, 0.0007512892875463583)	(99.0, 0.00045077357252781494)	(100.0, 0.00016528364326019883)
M145_2_3_trimmed_R2	(0.0, 0.03901920508440082)	(1.0, 0.03263123815032134)	(2.0, 0.029091552943319644)	(3.0, 0.024657552365546825)	(4.0, 0.011633615075241232)	(5.0, 0.003599807248734205)	(6.0, 0.0009093458812042566)	(7.0, 0.0005185526099429231)	(8.0, 0.000435884802560718)	(9.0, 0.00030061020866256415)	(10.0, 0.000217942401280359)	(11.0, 0.00019539663563066667)	(12.0, 0.0002254576564969231)	(13.0, 0.0002855796982294359)	(14.0, 0.0003081254638791283)	(15.0, 0.00030061020866256415)	(16.0, 0.0002855796982294359)	(17.0, 0.00039079327126133334)	(18.0, 0.0005486136308091795)	(19.0, 0.0005486136308091795)	(20.0, 0.0006763729694907693)	(21.0, 0.000804132308172359)	(22.0, 0.0007064339903570257)	(23.0, 0.0006914034799238975)	(24.0, 0.0009168611364208206)	(25.0, 0.0007515255216564104)	(26.0, 0.0005410983755926154)	(27.0, 0.0006312814381913847)	(28.0, 0.0006312814381913847)	(29.0, 0.0006237661829748206)	(30.0, 0.0005410983755926154)	(31.0, 0.0005561288860257437)	(32.0, 0.0007064339903570257)	(33.0, 0.0007740712873061026)	(34.0, 0.0006763729694907693)	(35.0, 0.0007891017977392309)	(36.0, 0.0009769831781533335)	(37.0, 0.000939406902070513)	(38.0, 0.0009619526677202053)	(39.0, 0.001104742516834923)	(40.0, 0.0014880205328796925)	(41.0, 0.0017886307415422567)	(42.0, 0.001878813804141026)	(43.0, 0.002111786715854513)	(44.0, 0.0025627020288483595)	(45.0, 0.00335180382658759)	(46.0, 0.004140905624326821)	(47.0, 0.004877400635550103)	(48.0, 0.007440102664398462)	(49.0, 0.019622331370448873)	(50.0, 0.037208028577208875)	(51.0, 0.047481382458252)	(52.0, 0.060587987555939804)	(53.0, 0.10043387071416267)	(54.0, 0.17693916881878524)	(55.0, 0.43630565685284556)	(56.0, 1.913601920538501)	(57.0, 4.1945795770835215)	(58.0, 4.744155160560422)	(59.0, 2.794840747232808)	(60.0, 1.6121500032916818)	(61.0, 2.107277562724575)	(62.0, 2.5647837545433476)	(63.0, 2.9776117540996467)	(64.0, 3.46567497362897)	(65.0, 4.052962107782588)	(66.0, 4.645261917165654)	(67.0, 5.077043390378129)	(68.0, 5.312421183760916)	(69.0, 5.489007135584522)	(70.0, 5.616075070786189)	(71.0, 5.679977285892633)	(72.0, 5.641777243626838)	(73.0, 5.362081990231972)	(74.0, 5.010112527419409)	(75.0, 4.657564389955169)	(76.0, 3.790739822766233)	(77.0, 2.903819463128204)	(78.0, 2.371784485326765)	(79.0, 1.9178705855015095)	(80.0, 1.4855780749343093)	(81.0, 1.094281281573466)	(82.0, 0.8103474242364576)	(83.0, 0.5835144760349033)	(84.0, 0.386111267261414)	(85.0, 0.250769036066311)	(86.0, 0.16062354974362458)	(87.0, 0.09967482993728971)	(88.0, 0.05828080420445462)	(89.0, 0.033548099286742156)	(90.0, 0.018547649874480206)	(91.0, 0.012174713450833848)	(92.0, 0.00813150614432236)	(93.0, 0.004824793849034155)	(94.0, 0.003103800404440975)	(95.0, 0.002833251216644667)	(96.0, 0.0028557969822943594)	(97.0, 0.0028557969822943594)	(98.0, 0.0026604003466636924)	(99.0, 0.0023447596275680003)	(100.0, 0.004441515832989385)
M145_2_4_trimmed_R1	(0.0, 0.03846371340025839)	(1.0, 0.02489344539185144)	(2.0, 0.00784794713763167)	(3.0, 0.0028679084552824244)	(4.0, 0.0011404153622181874)	(5.0, 0.0007490302083208213)	(6.0, 0.000580329710951267)	(7.0, 0.0004926054523190988)	(8.0, 0.0004183772334764948)	(9.0, 0.0004791094125295344)	(10.0, 0.0005128495120034453)	(11.0, 0.0004183772334764948)	(12.0, 0.0004318732732660592)	(13.0, 0.0005533376313721384)	(14.0, 0.000546589611477356)	(15.0, 0.000499353472213881)	(16.0, 0.0005668336711617027)	(17.0, 0.0006748019894782175)	(18.0, 0.0007422821884260392)	(19.0, 0.0009447227852695044)	(20.0, 0.0010999272428494945)	(21.0, 0.0012078955611660091)	(22.0, 0.0012888717999033953)	(23.0, 0.0011674074417973163)	(24.0, 0.001160659421902534)	(25.0, 0.001160659421902534)	(26.0, 0.00108643120305993)	(27.0, 0.0012011475412712271)	(28.0, 0.001315863879482524)	(29.0, 0.0013631000187459992)	(30.0, 0.0014845643768520785)	(31.0, 0.0016330208145372864)	(32.0, 0.0015722886354842468)	(33.0, 0.0014778163569572963)	(34.0, 0.001626272794642504)	(35.0, 0.0018961935904337913)	(36.0, 0.0018826975506442266)	(37.0, 0.0017477371527485832)	(38.0, 0.0021526183464355138)	(39.0, 0.0025440035003328797)	(40.0, 0.002975876773598939)	(41.0, 0.003394254007075434)	(42.0, 0.0033335218280223945)	(43.0, 0.003596694603918899)	(44.0, 0.004177024314870166)	(45.0, 0.0048180862048744725)	(46.0, 0.00570882483098572)	(47.0, 0.006822248113624778)	(48.0, 0.008144860013002084)	(49.0, 0.014440762574833852)	(50.0, 0.025966380555121807)	(51.0, 0.03907103519078879)	(52.0, 0.055273030958160795)	(53.0, 0.08694823634426832)	(54.0, 0.13396169095121574)	(55.0, 0.20071985177029578)	(56.0, 0.27715467311849346)	(57.0, 0.38301760922783623)	(58.0, 0.5910253224844968)	(59.0, 1.0389251430006636)	(60.0, 3.4880042474736426)	(61.0, 5.6316544754689914)	(62.0, 5.138434953339467)	(63.0, 5.372928644683148)	(64.0, 5.286162604876038)	(65.0, 4.309312496887476)	(66.0, 4.140463543080236)	(67.0, 4.451783440926012)	(68.0, 4.9736078193895175)	(69.0, 5.253144543530869)	(70.0, 5.419537218096408)	(71.0, 5.672824144847056)	(72.0, 6.000723927574312)	(73.0, 5.90647433370389)	(74.0, 5.1756367870194016)	(75.0, 4.39436453964131)	(76.0, 3.709474260420394)	(77.0, 3.026655623307175)	(78.0, 2.5078003735973735)	(79.0, 2.033657503710399)	(80.0, 1.5328936953385084)	(81.0, 1.1242336105104997)	(82.0, 0.8258159267035479)	(83.0, 0.5805456475879001)	(84.0, 0.38633088699617424)	(85.0, 0.2453917434737538)	(86.0, 0.15216110060744326)	(87.0, 0.09944556918940489)	(88.0, 0.06370805582663851)	(89.0, 0.035589056925081186)	(90.0, 0.022450662189940296)	(91.0, 0.015911830911896366)	(92.0, 0.009426983793010697)	(93.0, 0.004649385707504918)	(94.0, 0.0017747292323277118)	(95.0, 0.0009312267454799401)	(96.0, 0.0008232584271634253)	(97.0, 0.0007895183276895143)	(98.0, 0.0006005737706356136)	(99.0, 0.00035764505442345524)	(100.0, 0.00015520445757999003)
M145_2_4_trimmed_R2	(0.0, 0.014604661465094556)	(1.0, 0.0144899298362098)	(2.0, 0.01462490822313304)	(3.0, 0.011358431259590636)	(4.0, 0.005135927622429278)	(5.0, 0.0016804809171943366)	(6.0, 0.0007558789667701433)	(7.0, 0.0005264157090006356)	(8.0, 0.0003441948866542617)	(9.0, 0.00017547190300021186)	(10.0, 0.0001417273062694019)	(11.0, 0.00013497838692323987)	(12.0, 0.00015522514496172586)	(13.0, 0.0002429610964618318)	(14.0, 0.0002227143384233458)	(15.0, 0.0002227143384233458)	(16.0, 0.0003239481286157757)	(17.0, 0.0003914373220773957)	(18.0, 0.0004791732735775016)	(19.0, 0.0006074027411545795)	(20.0, 0.0007558789667701433)	(21.0, 0.0007896235635009533)	(22.0, 0.0008706105956548972)	(23.0, 0.0009853422245396511)	(24.0, 0.0009718443858473272)	(25.0, 0.000978593305193489)	(26.0, 0.0008368659989240873)	(27.0, 0.0006883897733085234)	(28.0, 0.0006681430152700375)	(29.0, 0.0006613940959238754)	(30.0, 0.0008031214021932773)	(31.0, 0.0008031214021932773)	(32.0, 0.0006613940959238754)	(33.0, 0.0007153854506931714)	(34.0, 0.0008638616763087353)	(35.0, 0.0009313508697703553)	(36.0, 0.0008908573536933832)	(37.0, 0.0009988400632319752)	(38.0, 0.001113571692116729)	(39.0, 0.001187809804924511)	(40.0, 0.001349783869232399)	(41.0, 0.0017479701106559564)	(42.0, 0.0019504376910408163)	(43.0, 0.0020584204005794082)	(44.0, 0.0027738058512725796)	(45.0, 0.0036376675275813153)	(46.0, 0.004474533526505402)	(47.0, 0.005304650606083327)	(48.0, 0.008638616763087352)	(49.0, 0.018768744701676505)	(50.0, 0.03323842777984782)	(51.0, 0.043091850025244335)	(52.0, 0.05424781370445011)	(53.0, 0.09053675302876316)	(54.0, 0.19410566931496512)	(55.0, 0.7881185544867593)	(56.0, 2.756272158811251)	(57.0, 4.702876463663447)	(58.0, 4.407098324398551)	(59.0, 2.447873540369032)	(60.0, 1.5431674041773247)	(61.0, 2.0046180155518045)	(62.0, 2.4953791836466666)	(63.0, 2.9142913563822876)	(64.0, 3.4421310873649635)	(65.0, 4.116381874643277)	(66.0, 4.677500526921878)	(67.0, 5.008845471141047)	(68.0, 5.213492952474717)	(69.0, 5.418552117888503)	(70.0, 5.581848970388239)	(71.0, 5.6575515986941385)	(72.0, 5.59774267544845)	(73.0, 5.321428419577886)	(74.0, 4.9856224396709035)	(75.0, 4.609349939364335)	(76.0, 3.73329971471643)	(77.0, 2.8665022584921145)	(78.0, 2.3320890800662775)	(79.0, 1.8764155436521115)	(80.0, 1.4554112059191802)	(81.0, 1.0778429130981475)	(82.0, 0.8000506438907736)	(83.0, 0.573806620649385)	(84.0, 0.3795322283507659)	(85.0, 0.24752336593983731)	(86.0, 0.16035432366480898)	(87.0, 0.100612889612583)	(88.0, 0.05970094053614901)	(89.0, 0.034122536214195046)	(90.0, 0.01864726415344559)	(91.0, 0.01289043595116941)	(92.0, 0.00849688945681795)	(93.0, 0.004987451396813714)	(94.0, 0.0031247496572730034)	(95.0, 0.002557840432195396)	(96.0, 0.002294632577695078)	(97.0, 0.0022608879809642678)	(98.0, 0.002254139061618106)	(99.0, 0.0018222082234637383)	(100.0, 0.003536433737388885)
M145_3_2_trimmed_R1	(0.0, 0.07664759713723227)	(1.0, 0.04422771764694331)	(2.0, 0.007706100066131645)	(3.0, 0.0023964485536754738)	(4.0, 0.0008526447684236186)	(5.0, 0.00043924124433943995)	(6.0, 0.00025837720255261174)	(7.0, 0.0002002423319782741)	(8.0, 0.0001808640417868282)	(9.0, 9.68914509572294e-05)	(10.0, 7.751316076578353e-05)	(11.0, 6.459430063815293e-05)	(12.0, 0.00010981031108485999)	(13.0, 0.00013564803134012116)	(14.0, 7.751316076578353e-05)	(15.0, 5.813487057433764e-05)	(16.0, 8.39725908295988e-05)	(17.0, 8.39725908295988e-05)	(18.0, 7.105373070196822e-05)	(19.0, 9.68914509572294e-05)	(20.0, 0.0001033508810210447)	(21.0, 6.459430063815293e-05)	(22.0, 7.105373070196822e-05)	(23.0, 0.00013564803134012116)	(24.0, 0.00012918860127630587)	(25.0, 9.68914509572294e-05)	(26.0, 0.0001033508810210447)	(27.0, 0.00012272917121249058)	(28.0, 0.00016148575159538234)	(29.0, 0.00025191777248879645)	(30.0, 0.0003035932129993188)	(31.0, 0.0003100526430631341)	(32.0, 0.0003358903633183952)	(33.0, 0.0003875658038289176)	(34.0, 0.0005748892756795611)	(35.0, 0.0006846995867644211)	(36.0, 0.0006136458560624528)	(37.0, 0.0006007269959348222)	(38.0, 0.000704077876955867)	(39.0, 0.0008461853383598034)	(40.0, 0.0009753739396361093)	(41.0, 0.0013435614532735808)	(42.0, 0.0018796941485702504)	(43.0, 0.0019249101590169573)	(44.0, 0.002047639330229448)	(45.0, 0.0024739617144412572)	(46.0, 0.0035333082449069656)	(47.0, 0.0048704102681167314)	(48.0, 0.00594267565871007)	(49.0, 0.00981187426693543)	(50.0, 0.01714332738936579)	(51.0, 0.02695520165630122)	(52.0, 0.03912476789652923)	(53.0, 0.061745691980010384)	(54.0, 0.1051272242885939)	(55.0, 0.2693969902414806)	(56.0, 0.3597708762643204)	(57.0, 0.41846125782414617)	(58.0, 0.7625098813131401)	(59.0, 1.3395307689137603)	(60.0, 3.814700396776951)	(61.0, 6.388105037050646)	(62.0, 5.687405442018154)	(63.0, 5.697579044368663)	(64.0, 5.581038007157306)	(65.0, 4.086022297177449)	(66.0, 3.8662724864064524)	(67.0, 4.066443764654024)	(68.0, 4.426330910659494)	(69.0, 4.661428327262115)	(70.0, 4.863453461938002)	(71.0, 5.186334533107873)	(72.0, 5.578906395236248)	(73.0, 5.554147399801644)	(74.0, 5.041016734962221)	(75.0, 4.535663223919631)	(76.0, 3.941996385044559)	(77.0, 3.2473234382616076)	(78.0, 2.6788548360654785)	(79.0, 2.1636442347455067)	(80.0, 1.644984297771458)	(81.0, 1.2063244021377613)	(82.0, 0.8675208358605854)	(83.0, 0.5997193248448671)	(84.0, 0.3960341166425794)	(85.0, 0.2544111124934292)	(86.0, 0.15756487754664644)	(87.0, 0.09802831064846089)	(88.0, 0.058574111818677076)	(89.0, 0.031250722648738384)	(90.0, 0.01764716293434338)	(91.0, 0.010916436807847846)	(92.0, 0.006129999130560714)	(93.0, 0.0031586613012056786)	(94.0, 0.0016213169460176386)	(95.0, 0.0012272917121249056)	(96.0, 0.0009689145095722941)	(97.0, 0.0007363750272749434)	(98.0, 0.0006653212965729752)	(99.0, 0.0005425921253604846)	(100.0, 0.0002712960626802423)
M145_3_2_trimmed_R2	(0.0, 0.030780616197698396)	(1.0, 0.025585902632847532)	(2.0, 0.022943318244757975)	(3.0, 0.0188340672158461)	(4.0, 0.007759764914659062)	(5.0, 0.0021127752931669555)	(6.0, 0.0006073421332039565)	(7.0, 0.00031659323964887095)	(8.0, 0.0002584434609378538)	(9.0, 0.0002261380283206221)	(10.0, 0.0001550660765627123)	(11.0, 0.00010337738437514155)	(12.0, 0.00010337738437514155)	(13.0, 0.00010337738437514155)	(14.0, 0.0001292217304689269)	(15.0, 9.045521132824885e-05)	(16.0, 5.1688692187570774e-05)	(17.0, 4.522760566412442e-05)	(18.0, 6.461086523446346e-05)	(19.0, 7.107195175790981e-05)	(20.0, 3.876651914067807e-05)	(21.0, 3.230543261723173e-05)	(22.0, 6.461086523446346e-05)	(23.0, 0.00010983847089858788)	(24.0, 0.0001292217304689269)	(25.0, 0.00014214390351581963)	(26.0, 0.00017444933613305135)	(27.0, 0.000167988249609605)	(28.0, 0.00018737150917994404)	(29.0, 0.00020029368222683675)	(30.0, 0.00019383259570339038)	(31.0, 0.0002519823744144075)	(32.0, 0.00028428780703163925)	(33.0, 0.00038120410488333444)	(34.0, 0.0004393538835943515)	(35.0, 0.0004135095375005662)	(36.0, 0.0004393538835943515)	(37.0, 0.0005104258353522614)	(38.0, 0.0005621145275398321)	(39.0, 0.0008528634210949178)	(40.0, 0.0012534507855485912)	(41.0, 0.0014795888138692131)	(42.0, 0.0018284874861353158)	(43.0, 0.0019512481300807964)	(44.0, 0.0022678413697296675)	(45.0, 0.002804111551175714)	(46.0, 0.0033662260787155466)	(47.0, 0.00456152708555312)	(48.0, 0.00636417022559465)	(49.0, 0.012243758961930825)	(50.0, 0.023615271243196394)	(51.0, 0.034599118333055186)	(52.0, 0.044626724617443915)	(53.0, 0.07155007216064484)	(54.0, 0.16428604703167024)	(55.0, 0.7883236278122121)	(56.0, 3.3697796763034416)	(57.0, 5.890540277993416)	(58.0, 5.635811941806544)	(59.0, 3.095952368353262)	(60.0, 1.6060258160465346)	(61.0, 2.0872669235723893)	(62.0, 2.495116549278416)	(63.0, 2.837256925040994)	(64.0, 3.1532234392970904)	(65.0, 3.639924164935257)	(66.0, 4.223819015145627)	(67.0, 4.628244264994227)	(68.0, 4.818658945926715)	(69.0, 4.923942350826273)	(70.0, 5.103082435775346)	(71.0, 5.215602257581164)	(72.0, 5.1813391157473285)	(73.0, 5.029342055283252)	(74.0, 4.813302705198778)	(75.0, 4.527244560459714)	(76.0, 3.829363221802704)	(77.0, 3.0674395935252936)	(78.0, 2.509905976330585)	(79.0, 2.0104704491547056)	(80.0, 1.5418349214360954)	(81.0, 1.1373773661548776)	(82.0, 0.8211717916974134)	(83.0, 0.5651770825519457)	(84.0, 0.3650513885747185)	(85.0, 0.23032481238781533)	(86.0, 0.14405638512675975)	(87.0, 0.08810337583371437)	(88.0, 0.0516370034953832)	(89.0, 0.028293097886171552)	(90.0, 0.015454918964083658)	(91.0, 0.009219970468957936)	(92.0, 0.005692217227156232)	(93.0, 0.003954184952349164)	(94.0, 0.0033339206460983144)	(95.0, 0.0029397943681680875)	(96.0, 0.002661967647659895)	(97.0, 0.002390602013675148)	(98.0, 0.002145080725784187)	(99.0, 0.0019060205244166722)	(100.0, 0.0035794419339892757)
M145_3_3_trimmed_R1	(0.0, 0.07367477428148834)	(1.0, 0.04424926421902376)	(2.0, 0.009903986472715627)	(3.0, 0.0031795878480735634)	(4.0, 0.0009381216398595424)	(5.0, 0.00044399650130756967)	(6.0, 0.0002936105895743606)	(7.0, 0.0001718696134093818)	(8.0, 0.00012890221005703635)	(9.0, 0.00011457974227292122)	(10.0, 0.00012890221005703635)	(11.0, 0.0001575471456252667)	(12.0, 0.0001503859117332091)	(13.0, 0.00011457974227292122)	(14.0, 0.0001575471456252667)	(15.0, 0.0001575471456252667)	(16.0, 9.309604059674849e-05)	(17.0, 9.309604059674849e-05)	(18.0, 8.59348067046909e-05)	(19.0, 0.00012174097616497879)	(20.0, 0.0001790308473014394)	(21.0, 0.00016470837951732423)	(22.0, 0.0001790308473014394)	(23.0, 0.0001718696134093818)	(24.0, 0.00012890221005703635)	(25.0, 0.0001718696134093818)	(26.0, 0.00026496565400613027)	(27.0, 0.0003580616946028788)	(28.0, 0.00045831896909168487)	(29.0, 0.0004153515657393394)	(30.0, 0.0003867066301711091)	(31.0, 0.000522770074120203)	(32.0, 0.0006803172197454697)	(33.0, 0.0007805744942342757)	(34.0, 0.0008450255992627939)	(35.0, 0.0008879930026151393)	(36.0, 0.0009667665754277727)	(37.0, 0.0010741850838086363)	(38.0, 0.000995411510996003)	(39.0, 0.0011171524871609819)	(40.0, 0.0013821181411671122)	(41.0, 0.001618438859605012)	(42.0, 0.001904888215287315)	(43.0, 0.002227143740429906)	(44.0, 0.0024419807571916335)	(45.0, 0.0028000424517945124)	(46.0, 0.0036593905188414214)	(47.0, 0.004654802029837425)	(48.0, 0.005664536008617543)	(49.0, 0.009180701849617813)	(50.0, 0.014608917139797456)	(51.0, 0.021942020645264414)	(52.0, 0.03200355426360531)	(53.0, 0.05126727343324019)	(54.0, 0.08476752558028552)	(55.0, 0.20627934226071848)	(56.0, 0.2826109343161602)	(57.0, 0.3448348956042484)	(58.0, 0.6724756686336666)	(59.0, 1.2394735232712173)	(60.0, 4.223638459664421)	(61.0, 7.3018805256975865)	(62.0, 6.329728702382987)	(63.0, 6.154163892285303)	(64.0, 5.996573779256684)	(65.0, 4.442005964734933)	(66.0, 4.082956019854951)	(67.0, 4.110397868129315)	(68.0, 4.461770970277012)	(69.0, 4.602274379239182)	(70.0, 4.6938593994847055)	(71.0, 4.979055539235899)	(72.0, 5.423882743674947)	(73.0, 5.4064594616155714)	(74.0, 4.804693816432081)	(75.0, 4.2368580974291605)	(76.0, 3.625897427928268)	(77.0, 2.9263737788843)	(78.0, 2.3840750199404557)	(79.0, 1.921767243570895)	(80.0, 1.4559146564247654)	(81.0, 1.068785513454025)	(82.0, 0.770906828479998)	(83.0, 0.531714455251383)	(84.0, 0.3514375532527256)	(85.0, 0.2255144164947851)	(86.0, 0.13970135076625917)	(87.0, 0.08980903424029406)	(88.0, 0.054160411925631445)	(89.0, 0.028609129398770018)	(90.0, 0.016764448541306785)	(91.0, 0.01102113895987661)	(92.0, 0.006574012712908855)	(93.0, 0.0034015860987273486)	(94.0, 0.0016900511985255878)	(95.0, 0.0012890221005703636)	(96.0, 0.0009810890432118877)	(97.0, 0.0008736705348310242)	(98.0, 0.0008020581959104485)	(99.0, 0.0005728987113646061)	(100.0, 0.0002578044201140727)
M145_3_3_trimmed_R2	(0.0, 0.03180305485532726)	(1.0, 0.027533996140513058)	(2.0, 0.02338670587897376)	(3.0, 0.01774954277736508)	(4.0, 0.00764276115554824)	(5.0, 0.0021775064585629477)	(6.0, 0.0007592621204199751)	(7.0, 0.00030083970809093355)	(8.0, 0.0001647455544307493)	(9.0, 0.0002220483559718795)	(10.0, 0.0001647455544307493)	(11.0, 7.162850192641274e-05)	(12.0, 9.311705250433657e-05)	(13.0, 7.879135211905402e-05)	(14.0, 6.446565173377147e-05)	(15.0, 7.162850192641274e-05)	(16.0, 4.297710115584765e-05)	(17.0, 3.581425096320637e-05)	(18.0, 7.879135211905402e-05)	(19.0, 7.162850192641274e-05)	(20.0, 5.013995134848892e-05)	(21.0, 6.446565173377147e-05)	(22.0, 7.162850192641274e-05)	(23.0, 0.00011460560308226039)	(24.0, 0.00011460560308226039)	(25.0, 7.162850192641274e-05)	(26.0, 5.013995134848892e-05)	(27.0, 0.0001074427528896191)	(28.0, 0.0001647455544307493)	(29.0, 0.00020772265558659697)	(30.0, 0.0002148855057792382)	(31.0, 0.0003366539590541399)	(32.0, 0.0005658651652186606)	(33.0, 0.0005873537157965845)	(34.0, 0.0006804707683009211)	(35.0, 0.0007592621204199751)	(36.0, 0.0007019593188788448)	(37.0, 0.0007950763713831814)	(38.0, 0.0008452163227316705)	(39.0, 0.0008953562740801593)	(40.0, 0.0013394529860239184)	(41.0, 0.0018408524995088076)	(42.0, 0.001876666750472014)	(43.0, 0.0018050382485456011)	(44.0, 0.002342252012993697)	(45.0, 0.0028150001257080206)	(46.0, 0.00292244287859764)	(47.0, 0.0035599365457427133)	(48.0, 0.005400789045251521)	(49.0, 0.010386132779329848)	(50.0, 0.018917087358765607)	(51.0, 0.028250281159777187)	(52.0, 0.038314085680438176)	(53.0, 0.06178674576172363)	(54.0, 0.12855167240733295)	(55.0, 0.4604566617837517)	(56.0, 2.55446577565108)	(57.0, 5.937766435643259)	(58.0, 6.873155879450091)	(59.0, 3.852789675868852)	(60.0, 1.7683931069600485)	(61.0, 2.2388634333131123)	(62.0, 2.718437742261024)	(63.0, 3.120223498116851)	(64.0, 3.4865961226202593)	(65.0, 4.0648601815223815)	(66.0, 4.6725134147649126)	(67.0, 4.975774166220958)	(68.0, 4.991604065146696)	(69.0, 4.93556192523947)	(70.0, 4.9888033907213725)	(71.0, 5.0201265346137935)	(72.0, 4.941621696502445)	(73.0, 4.74770901608726)	(74.0, 4.511349285430484)	(75.0, 4.248343752057081)	(76.0, 3.4959579678220414)	(77.0, 2.691956685098829)	(78.0, 2.1788315858485863)	(79.0, 1.7369840088653166)	(80.0, 1.3287087107349564)	(81.0, 0.9788106416746227)	(82.0, 0.7102753879525014)	(83.0, 0.4933484698683604)	(84.0, 0.31644039581050626)	(85.0, 0.20183479272824584)	(86.0, 0.12784255023826147)	(87.0, 0.07799627574767083)	(88.0, 0.046852203110066576)	(89.0, 0.024948207220969562)	(90.0, 0.012785687593864677)	(91.0, 0.008330394774041803)	(92.0, 0.005630000251416041)	(93.0, 0.0039610561565306245)	(94.0, 0.0032017940361106496)	(95.0, 0.0029081171782123576)	(96.0, 0.0026216031705067065)	(97.0, 0.002363740563571621)	(98.0, 0.0021202036570218174)	(99.0, 0.0019411324022057853)	(100.0, 0.0039109162051821356)
M145_3_4_trimmed_R1	(0.0, 0.0941873404928684)	(1.0, 0.053699073202714116)	(2.0, 0.00867553477978735)	(3.0, 0.0025821785643043295)	(4.0, 0.00078270001807525)	(5.0, 0.00044621215983729203)	(6.0, 0.00032917290479800233)	(7.0, 0.00027796823071831307)	(8.0, 0.00021944860319866822)	(9.0, 0.00014629906879911212)	(10.0, 0.00010972430159933411)	(11.0, 0.00014629906879911212)	(12.0, 0.0001243542084792453)	(13.0, 0.00011703925503928972)	(14.0, 0.00016824392911897896)	(15.0, 0.00015361402223906773)	(16.0, 9.50943947194229e-05)	(17.0, 5.120467407968925e-05)	(18.0, 8.046448783951167e-05)	(19.0, 0.00011703925503928972)	(20.0, 0.0001243542084792453)	(21.0, 0.00011703925503928972)	(22.0, 0.00010972430159933411)	(23.0, 0.00013898411535915654)	(24.0, 0.0001243542084792453)	(25.0, 0.0001901887894388458)	(26.0, 0.000241393463518535)	(27.0, 0.0002121336497587126)	(28.0, 0.0002999130910381799)	(29.0, 0.00032917290479800233)	(30.0, 0.0005047317873569368)	(31.0, 0.0006290859958361822)	(32.0, 0.0005193616942368481)	(33.0, 0.0005120467407968925)	(34.0, 0.0006290859958361822)	(35.0, 0.0006802906699158715)	(36.0, 0.0007095504836756939)	(37.0, 0.0009070542265544953)	(38.0, 0.0010314084350337405)	(39.0, 0.0010752981556734743)	(40.0, 0.0012508570382324087)	(41.0, 0.0014629906879911215)	(42.0, 0.0015215103155107664)	(43.0, 0.001843368266868813)	(44.0, 0.0020335570563076587)	(45.0, 0.002326155193905883)	(46.0, 0.0033063589548599343)	(47.0, 0.004754719735971144)	(48.0, 0.006217710423962266)	(49.0, 0.009319250682503442)	(50.0, 0.014410458276712544)	(51.0, 0.021352349091230415)	(52.0, 0.034204722285232414)	(53.0, 0.05443788350014963)	(54.0, 0.09064690302792988)	(55.0, 0.27658570451816145)	(56.0, 0.3762007404634769)	(57.0, 0.4204415788683284)	(58.0, 0.7634982652953665)	(59.0, 1.3223021884804553)	(60.0, 3.9037126826735893)	(61.0, 6.462944238036777)	(62.0, 5.591572354362386)	(63.0, 5.842424052678783)	(64.0, 5.968643574285217)	(65.0, 4.22639722377035)	(66.0, 3.8034905055927575)	(67.0, 4.011593616006055)	(68.0, 4.329677051389083)	(69.0, 4.473606075273651)	(70.0, 4.614601802828795)	(71.0, 5.044194388450507)	(72.0, 5.709028561747753)	(73.0, 5.756019822646028)	(74.0, 5.057887981290104)	(75.0, 4.4732915322757325)	(76.0, 3.887605155198807)	(77.0, 3.1810903772006944)	(78.0, 2.6218402418557685)	(79.0, 2.124313683637188)	(80.0, 1.6251120010808573)	(81.0, 1.2018322202778262)	(82.0, 0.8703185303790382)	(83.0, 0.6042151541403331)	(84.0, 0.39855523817598126)	(85.0, 0.2526365469557468)	(86.0, 0.15496728862545953)	(87.0, 0.09763268356308749)	(88.0, 0.057583313479330545)	(89.0, 0.030847158656292794)	(90.0, 0.01706578637541643)	(91.0, 0.009999541352419315)	(92.0, 0.00554473470748635)	(93.0, 0.0031673748395007776)	(94.0, 0.00186531312718868)	(95.0, 0.001506880408630855)	(96.0, 0.001206967317592675)	(97.0, 0.000855849552474806)	(98.0, 0.0007168654371156495)	(99.0, 0.0005193616942368481)	(100.0, 0.000204818696318757)
M145_3_4_trimmed_R2	(0.0, 0.03932176899668026)	(1.0, 0.03142668363244171)	(2.0, 0.02624621983459101)	(3.0, 0.021936483708977935)	(4.0, 0.009760930376176305)	(5.0, 0.0029194986657378906)	(6.0, 0.0008268254366626106)	(7.0, 0.000351217884600047)	(8.0, 0.0002707304527125362)	(9.0, 0.0002999986097625401)	(10.0, 0.0002560963741875343)	(11.0, 0.00013902374598751858)	(12.0, 7.31703926250098e-05)	(13.0, 0.0001024385496750137)	(14.0, 0.0001024385496750137)	(15.0, 4.3902235575005874e-05)	(16.0, 3.65851963125049e-05)	(17.0, 3.65851963125049e-05)	(18.0, 8.048743188751077e-05)	(19.0, 8.048743188751077e-05)	(20.0, 7.31703926250098e-05)	(21.0, 7.31703926250098e-05)	(22.0, 6.58533533625088e-05)	(23.0, 5.853631410000783e-05)	(24.0, 7.31703926250098e-05)	(25.0, 0.00013902374598751858)	(26.0, 0.00013902374598751858)	(27.0, 9.512151041251272e-05)	(28.0, 0.00013902374598751858)	(29.0, 0.0002048770993500274)	(30.0, 0.0002560963741875343)	(31.0, 0.0002999986097625401)	(32.0, 0.000351217884600047)	(33.0, 0.0004097541987000548)	(34.0, 0.00047560755206256365)	(35.0, 0.0005341438661625714)	(36.0, 0.0006585335336250881)	(37.0, 0.000687801690675092)	(38.0, 0.0006365824158375851)	(39.0, 0.0008268254366626106)	(40.0, 0.0009878003004376323)	(41.0, 0.0012877989102001723)	(42.0, 0.0015877975199627124)	(43.0, 0.001690236069637726)	(44.0, 0.0020999902683377807)	(45.0, 0.00261950005597535)	(46.0, 0.0033219358251754443)	(47.0, 0.004624368813900618)	(48.0, 0.00620484929460083)	(49.0, 0.010119465300038854)	(50.0, 0.017824307643452386)	(51.0, 0.02745353131290367)	(52.0, 0.03747787510253001)	(53.0, 0.05932655434035793)	(54.0, 0.12020432100436607)	(55.0, 0.4487174327728725)	(56.0, 2.533773623975889)	(57.0, 5.691288259883674)	(58.0, 6.437172608224498)	(59.0, 3.600736972194519)	(60.0, 1.673436147491024)	(61.0, 2.1623241258150268)	(62.0, 2.577624640276057)	(63.0, 2.8525111712896942)	(64.0, 3.171307254917599)	(65.0, 3.7250095670288355)	(66.0, 4.326309219542641)	(67.0, 4.722870796452407)	(68.0, 4.862267711442312)	(69.0, 4.865479891678551)	(70.0, 4.947906338970625)	(71.0, 5.057332661141326)	(72.0, 5.090266654861844)	(73.0, 4.99060858010658)	(74.0, 4.850728740525349)	(75.0, 4.650417473675121)	(76.0, 3.87039913717473)	(77.0, 3.0084226438950648)	(78.0, 2.4535422884625655)	(79.0, 1.9667908856032132)	(80.0, 1.5243002532427288)	(81.0, 1.1408069084557901)	(82.0, 0.8249230064543602)	(83.0, 0.5676778571026134)	(84.0, 0.3653909896515114)	(85.0, 0.23120380661650594)	(86.0, 0.14617249334698204)	(87.0, 0.08817032311313679)	(88.0, 0.051460737133169385)	(89.0, 0.02819986931767877)	(90.0, 0.015570659550602082)	(91.0, 0.009980441554051334)	(92.0, 0.006585335336250881)	(93.0, 0.004287785007825573)	(94.0, 0.0030219372154129042)	(95.0, 0.0029121816264753896)	(96.0, 0.0029341327442628925)	(97.0, 0.0029414497835253935)	(98.0, 0.002758523801962869)	(99.0, 0.0022243799358002973)	(100.0, 0.0038926648876505205)
