Sample	0	1	2	3	4	5	6	7	8	9	10	11	12	13	14	15	16	17	18	19	20	21	22	23	24	25	26	27	28	29	30	31	32	33	34	35	36	37	38	39	40	41	42	43	44	45	46	47	48	49	50	51	52	53	54	55	56	57	58	59	60	61	62	63	64	65	66	67	68	69	70	71	72	73	74	75	76	77	78	79	80	81	82	83	84	85	86	87	88	89	90	91	92	93	94	95	96	97	98	99	100	101	102	103	104	105	106	107	108	109	110	111	112	113	114	115	116	117	118	119	120	121	122	123	124	125	126	127	128	129	130	131	132	133	134	135	136	137	138	139	140	141	142	143	144	145	146	147	148	149
M145_1_1	(1, 39.2484)	(2, 39.0441)	(3, 39.3028)	(4, 39.2964)	(5, 39.3181)	(6, 39.3279)	(7, 39.3672)	(8, 39.2984)	(9, 39.3117)	(10, 39.318)	(11, 39.3806)	(12, 39.3756)	(13, 39.3758)	(14, 39.3823)	(15, 39.3727)	(16, 39.491)	(17, 39.497)	(18, 39.4939)	(19, 39.4999)	(20, 39.4875)	(21, 39.4638)	(22, 39.4824)	(23, 39.4885)	(24, 39.4308)	(25, 39.4804)	(26, 39.4475)	(27, 39.4382)	(28, 39.4021)	(29, 39.4303)	(30, 39.4267)	(31, 39.2362)	(32, 39.4364)	(33, 39.4191)	(34, 39.4161)	(35, 39.4118)	(36, 39.3301)	(37, 39.3858)	(38, 39.3776)	(39, 39.3624)	(40, 39.3524)	(41, 39.3487)	(42, 39.3467)	(43, 39.3361)	(44, 39.3325)	(45, 39.328)	(46, 39.2727)	(47, 39.3053)	(48, 39.2937)	(49, 39.2253)	(50, 39.2965)	(51, 39.2674)	(52, 39.2529)	(53, 39.2435)	(54, 39.2355)	(55, 39.2095)	(56, 39.2217)	(57, 39.1784)	(58, 39.2039)	(59, 39.1917)	(60, 39.1837)	(61, 39.1194)	(62, 39.1613)	(63, 39.1498)	(64, 39.1324)	(65, 39.1213)	(66, 39.0929)	(67, 39.0984)	(68, 39.0708)	(69, 39.0662)	(70, 39.0541)	(71, 39.0528)	(72, 39.0331)	(73, 39.0112)	(74, 38.9479)	(75, 38.9682)	(76, 38.9885)	(77, 38.9835)	(78, 38.9628)	(79, 38.9564)	(80, 38.8341)	(81, 38.9347)	(82, 38.9119)	(83, 38.9115)	(84, 38.852)	(85, 38.8809)	(86, 38.8511)	(87, 38.8456)	(88, 38.8221)	(89, 38.8177)	(90, 38.8003)	(91, 38.7947)	(92, 38.7854)	(93, 38.7843)	(94, 38.7633)	(95, 38.7414)	(96, 38.7244)	(97, 38.7133)	(98, 38.7259)	(99, 38.7219)	(100, 38.7398)	(101, 38.6859)	(102, 38.6707)	(103, 38.6507)	(104, 38.6099)	(105, 38.6297)	(106, 38.6143)	(107, 38.2796)	(108, 38.585)	(109, 38.5527)	(110, 38.5505)	(111, 38.5427)	(112, 38.5224)	(113, 38.4989)	(114, 38.5088)	(115, 38.4922)	(116, 38.4689)	(117, 38.4531)	(118, 38.4365)	(119, 38.4457)	(120, 38.4177)	(121, 38.3965)	(122, 37.9691)	(123, 38.3548)	(124, 38.3451)	(125, 38.3281)	(126, 38.3328)	(127, 38.2984)	(128, 38.3185)	(129, 38.2026)	(130, 38.2906)	(131, 38.2888)	(132, 38.2753)	(133, 38.2636)	(134, 38.2379)	(135, 38.2561)	(136, 38.2559)	(137, 38.1499)	(138, 38.2207)	(139, 38.1892)	(140, 38.219)	(141, 38.2168)	(142, 38.1918)	(143, 38.2586)	(144, 38.2734)	(145, 38.3071)	(146, 38.3509)	(147, 38.4618)	(148, 38.4274)	(149, 38.3701)	(150, 38.3801)
M145_1_2	(1, 39.3208)	(2, 39.019)	(3, 39.2653)	(4, 39.2999)	(5, 39.2732)	(6, 39.3173)	(7, 39.3438)	(8, 39.311)	(9, 39.325)	(10, 39.2834)	(11, 39.3683)	(12, 39.3476)	(13, 39.3583)	(14, 39.359)	(15, 39.3601)	(16, 39.4717)	(17, 39.4888)	(18, 39.4876)	(19, 39.4891)	(20, 39.4673)	(21, 39.4411)	(22, 39.4614)	(23, 39.48)	(24, 39.4089)	(25, 39.4599)	(26, 39.432)	(27, 39.4268)	(28, 39.3956)	(29, 39.4182)	(30, 39.4157)	(31, 39.2341)	(32, 39.4278)	(33, 39.4258)	(34, 39.4082)	(35, 39.4117)	(36, 39.3296)	(37, 39.3809)	(38, 39.3688)	(39, 39.3584)	(40, 39.3419)	(41, 39.3498)	(42, 39.3403)	(43, 39.3368)	(44, 39.3322)	(45, 39.3246)	(46, 39.2666)	(47, 39.3012)	(48, 39.2893)	(49, 39.22)	(50, 39.2922)	(51, 39.2643)	(52, 39.244)	(53, 39.2423)	(54, 39.2289)	(55, 39.2013)	(56, 39.2137)	(57, 39.1691)	(58, 39.1984)	(59, 39.1828)	(60, 39.1793)	(61, 39.1162)	(62, 39.16)	(63, 39.1492)	(64, 39.1336)	(65, 39.1212)	(66, 39.0918)	(67, 39.0942)	(68, 39.0602)	(69, 39.0592)	(70, 39.0528)	(71, 39.0546)	(72, 39.0395)	(73, 39.0145)	(74, 38.9546)	(75, 38.9705)	(76, 38.9907)	(77, 38.9874)	(78, 38.9674)	(79, 38.9572)	(80, 38.8297)	(81, 38.9318)	(82, 38.911)	(83, 38.913)	(84, 38.8498)	(85, 38.8755)	(86, 38.8343)	(87, 38.8383)	(88, 38.8239)	(89, 38.8128)	(90, 38.7971)	(91, 38.7854)	(92, 38.7818)	(93, 38.785)	(94, 38.7622)	(95, 38.7386)	(96, 38.7238)	(97, 38.7131)	(98, 38.728)	(99, 38.725)	(100, 38.7376)	(101, 38.6829)	(102, 38.6707)	(103, 38.6474)	(104, 38.6112)	(105, 38.6314)	(106, 38.6209)	(107, 38.2744)	(108, 38.5893)	(109, 38.5586)	(110, 38.5511)	(111, 38.5438)	(112, 38.5291)	(113, 38.5012)	(114, 38.5144)	(115, 38.4923)	(116, 38.4742)	(117, 38.459)	(118, 38.4419)	(119, 38.4513)	(120, 38.4232)	(121, 38.4006)	(122, 37.9653)	(123, 38.3606)	(124, 38.3504)	(125, 38.3322)	(126, 38.3401)	(127, 38.3077)	(128, 38.3226)	(129, 38.2062)	(130, 38.2985)	(131, 38.2918)	(132, 38.2804)	(133, 38.2651)	(134, 38.2381)	(135, 38.2607)	(136, 38.2541)	(137, 38.1519)	(138, 38.2225)	(139, 38.1957)	(140, 38.2154)	(141, 38.2135)	(142, 38.1844)	(143, 38.253)	(144, 38.2635)	(145, 38.299)	(146, 38.3411)	(147, 38.4495)	(148, 38.4066)	(149, 38.3487)	(150, 38.3678)
M145_1_3	(1, 39.2665)	(2, 39.0883)	(3, 39.2507)	(4, 39.291)	(5, 39.2646)	(6, 39.2674)	(7, 39.3227)	(8, 39.2475)	(9, 39.2411)	(10, 39.2938)	(11, 39.3087)	(12, 39.3003)	(13, 39.3008)	(14, 39.3055)	(15, 39.3004)	(16, 39.484)	(17, 39.3993)	(18, 39.4896)	(19, 39.4891)	(20, 39.474)	(21, 39.4488)	(22, 39.4696)	(23, 39.4798)	(24, 39.3816)	(25, 39.4595)	(26, 39.4265)	(27, 39.4302)	(28, 39.4257)	(29, 39.4197)	(30, 39.4212)	(31, 39.2307)	(32, 39.4162)	(33, 39.4105)	(34, 39.404)	(35, 39.4028)	(36, 39.3935)	(37, 39.3893)	(38, 39.3798)	(39, 39.3635)	(40, 39.3347)	(41, 39.3446)	(42, 39.3369)	(43, 39.3367)	(44, 39.2888)	(45, 39.3252)	(46, 39.297)	(47, 39.3013)	(48, 39.2866)	(49, 39.2818)	(50, 39.2633)	(51, 39.2612)	(52, 39.2491)	(53, 39.2491)	(54, 39.2291)	(55, 39.2012)	(56, 39.2086)	(57, 39.1908)	(58, 39.2015)	(59, 39.1797)	(60, 39.1713)	(61, 39.1545)	(62, 39.1616)	(63, 39.1172)	(64, 39.121)	(65, 39.1179)	(66, 39.0913)	(67, 39.0973)	(68, 39.071)	(69, 39.0685)	(70, 39.0519)	(71, 39.0488)	(72, 39.0314)	(73, 39.0105)	(74, 39.0082)	(75, 39.0052)	(76, 38.9633)	(77, 38.9731)	(78, 38.9565)	(79, 38.9505)	(80, 38.9297)	(81, 38.9296)	(82, 38.9108)	(83, 38.9053)	(84, 38.8737)	(85, 38.8723)	(86, 38.8325)	(87, 38.8348)	(88, 38.816)	(89, 38.807)	(90, 38.7827)	(91, 38.7651)	(92, 38.7811)	(93, 38.7656)	(94, 38.7487)	(95, 38.6737)	(96, 38.7098)	(97, 38.6262)	(98, 38.7151)	(99, 38.7009)	(100, 38.7062)	(101, 38.6785)	(102, 38.645)	(103, 38.6367)	(104, 38.5925)	(105, 38.6175)	(106, 38.6099)	(107, 38.2708)	(108, 38.5666)	(109, 38.5485)	(110, 38.5323)	(111, 38.5224)	(112, 38.5125)	(113, 38.4886)	(114, 38.4714)	(115, 38.4687)	(116, 38.451)	(117, 38.4097)	(118, 38.4094)	(119, 38.4013)	(120, 38.3926)	(121, 38.3396)	(122, 37.9957)	(123, 38.3218)	(124, 38.3194)	(125, 38.2927)	(126, 38.3012)	(127, 38.2772)	(128, 38.2932)	(129, 38.1944)	(130, 38.2404)	(131, 38.2492)	(132, 38.2343)	(133, 38.2263)	(134, 38.1879)	(135, 38.2157)	(136, 38.2141)	(137, 38.1699)	(138, 38.1786)	(139, 38.1453)	(140, 38.1798)	(141, 38.1697)	(142, 38.1642)	(143, 38.2208)	(144, 38.1527)	(145, 38.2771)	(146, 38.3126)	(147, 38.4355)	(148, 38.3974)	(149, 38.326)	(150, 38.3787)
M145_2_1	(1, 39.2947)	(2, 39.1221)	(3, 39.2423)	(4, 39.2174)	(5, 39.2032)	(6, 39.2448)	(7, 39.2387)	(8, 39.246)	(9, 39.2678)	(10, 39.2862)	(11, 39.3007)	(12, 39.2891)	(13, 39.296)	(14, 39.295)	(15, 39.2929)	(16, 39.4853)	(17, 39.4032)	(18, 39.4943)	(19, 39.495)	(20, 39.4758)	(21, 39.4521)	(22, 39.4775)	(23, 39.4945)	(24, 39.3917)	(25, 39.4678)	(26, 39.4463)	(27, 39.4449)	(28, 39.4377)	(29, 39.439)	(30, 39.4384)	(31, 39.2411)	(32, 39.4252)	(33, 39.4082)	(34, 39.4092)	(35, 39.415)	(36, 39.4123)	(37, 39.4073)	(38, 39.394)	(39, 39.3832)	(40, 39.3579)	(41, 39.3751)	(42, 39.3626)	(43, 39.3749)	(44, 39.3284)	(45, 39.3604)	(46, 39.3297)	(47, 39.3386)	(48, 39.3265)	(49, 39.3311)	(50, 39.2999)	(51, 39.3028)	(52, 39.2797)	(53, 39.2912)	(54, 39.2578)	(55, 39.2249)	(56, 39.2513)	(57, 39.2358)	(58, 39.2541)	(59, 39.2321)	(60, 39.2153)	(61, 39.2064)	(62, 39.2139)	(63, 39.1707)	(64, 39.1838)	(65, 39.1802)	(66, 39.1506)	(67, 39.1579)	(68, 39.1307)	(69, 39.1318)	(70, 39.1183)	(71, 39.1181)	(72, 39.1071)	(73, 39.0801)	(74, 39.0846)	(75, 39.0801)	(76, 39.0369)	(77, 39.0532)	(78, 39.0302)	(79, 39.0264)	(80, 39.0083)	(81, 39.0082)	(82, 39.0009)	(83, 38.9905)	(84, 38.9568)	(85, 38.9548)	(86, 38.8799)	(87, 38.8984)	(88, 38.8908)	(89, 38.8757)	(90, 38.8608)	(91, 38.8304)	(92, 38.8653)	(93, 38.8635)	(94, 38.8462)	(95, 38.7508)	(96, 38.8077)	(97, 38.7372)	(98, 38.8357)	(99, 38.8187)	(100, 38.8165)	(101, 38.7907)	(102, 38.7649)	(103, 38.7441)	(104, 38.7149)	(105, 38.7397)	(106, 38.7456)	(107, 38.4104)	(108, 38.6967)	(109, 38.6648)	(110, 38.6535)	(111, 38.6357)	(112, 38.6244)	(113, 38.6091)	(114, 38.604)	(115, 38.5963)	(116, 38.5791)	(117, 38.5351)	(118, 38.5446)	(119, 38.5342)	(120, 38.5262)	(121, 38.4685)	(122, 38.1297)	(123, 38.4248)	(124, 38.4066)	(125, 38.4068)	(126, 38.4342)	(127, 38.4141)	(128, 38.4405)	(129, 38.3461)	(130, 38.3926)	(131, 38.4011)	(132, 38.3947)	(133, 38.3938)	(134, 38.3622)	(135, 38.3836)	(136, 38.3705)	(137, 38.3063)	(138, 38.3064)	(139, 38.271)	(140, 38.3243)	(141, 38.3064)	(142, 38.3055)	(143, 38.3399)	(144, 38.2664)	(145, 38.379)	(146, 38.4194)	(147, 38.5228)	(148, 38.4869)	(149, 38.4119)	(150, 38.4666)
M145_2_3	(1, 39.2415)	(2, 39.0675)	(3, 39.2057)	(4, 39.2401)	(5, 39.2308)	(6, 39.2206)	(7, 39.2439)	(8, 39.2606)	(9, 39.2433)	(10, 39.295)	(11, 39.3051)	(12, 39.2976)	(13, 39.3028)	(14, 39.3096)	(15, 39.3004)	(16, 39.4911)	(17, 39.4059)	(18, 39.4993)	(19, 39.4991)	(20, 39.4782)	(21, 39.4519)	(22, 39.4811)	(23, 39.4921)	(24, 39.3962)	(25, 39.4658)	(26, 39.443)	(27, 39.4447)	(28, 39.4373)	(29, 39.4358)	(30, 39.4368)	(31, 39.2427)	(32, 39.4252)	(33, 39.4136)	(34, 39.4108)	(35, 39.4093)	(36, 39.4048)	(37, 39.4014)	(38, 39.3868)	(39, 39.3733)	(40, 39.3525)	(41, 39.3651)	(42, 39.3528)	(43, 39.3638)	(44, 39.3169)	(45, 39.346)	(46, 39.3134)	(47, 39.3269)	(48, 39.3143)	(49, 39.3163)	(50, 39.288)	(51, 39.2904)	(52, 39.2646)	(53, 39.275)	(54, 39.2418)	(55, 39.2153)	(56, 39.2368)	(57, 39.223)	(58, 39.24)	(59, 39.218)	(60, 39.2012)	(61, 39.1859)	(62, 39.189)	(63, 39.1431)	(64, 39.1569)	(65, 39.1515)	(66, 39.1248)	(67, 39.1329)	(68, 39.1111)	(69, 39.1088)	(70, 39.0893)	(71, 39.0933)	(72, 39.0766)	(73, 39.0473)	(74, 39.0457)	(75, 39.0475)	(76, 39.0028)	(77, 39.0176)	(78, 38.993)	(79, 38.9963)	(80, 38.9757)	(81, 38.9791)	(82, 38.9654)	(83, 38.9546)	(84, 38.9253)	(85, 38.9219)	(86, 38.8643)	(87, 38.8764)	(88, 38.8674)	(89, 38.8547)	(90, 38.8417)	(91, 38.8266)	(92, 38.8424)	(93, 38.8406)	(94, 38.82)	(95, 38.7383)	(96, 38.779)	(97, 38.7023)	(98, 38.7917)	(99, 38.7712)	(100, 38.7742)	(101, 38.7454)	(102, 38.7166)	(103, 38.7021)	(104, 38.6628)	(105, 38.6941)	(106, 38.6926)	(107, 38.3602)	(108, 38.6346)	(109, 38.5983)	(110, 38.5957)	(111, 38.5832)	(112, 38.5722)	(113, 38.5511)	(114, 38.5506)	(115, 38.5425)	(116, 38.5255)	(117, 38.4761)	(118, 38.4832)	(119, 38.4774)	(120, 38.4711)	(121, 38.4146)	(122, 38.0824)	(123, 38.3776)	(124, 38.3682)	(125, 38.3636)	(126, 38.3811)	(127, 38.3581)	(128, 38.3797)	(129, 38.2834)	(130, 38.3327)	(131, 38.3426)	(132, 38.3266)	(133, 38.3257)	(134, 38.2961)	(135, 38.3123)	(136, 38.3038)	(137, 38.2513)	(138, 38.2479)	(139, 38.2077)	(140, 38.2589)	(141, 38.2426)	(142, 38.2385)	(143, 38.2813)	(144, 38.2096)	(145, 38.3292)	(146, 38.366)	(147, 38.4743)	(148, 38.4392)	(149, 38.3723)	(150, 38.4167)
M145_2_4	(1, 39.3524)	(2, 39.1539)	(3, 39.2755)	(4, 39.2663)	(5, 39.2363)	(6, 39.2504)	(7, 39.3141)	(8, 39.279)	(9, 39.2911)	(10, 39.2754)	(11, 39.3055)	(12, 39.3151)	(13, 39.3198)	(14, 39.3239)	(15, 39.3164)	(16, 39.4937)	(17, 39.4117)	(18, 39.5021)	(19, 39.5042)	(20, 39.4842)	(21, 39.4608)	(22, 39.4807)	(23, 39.4957)	(24, 39.3967)	(25, 39.4767)	(26, 39.4493)	(27, 39.4491)	(28, 39.4408)	(29, 39.4406)	(30, 39.4408)	(31, 39.2561)	(32, 39.4298)	(33, 39.4224)	(34, 39.4104)	(35, 39.4119)	(36, 39.408)	(37, 39.4028)	(38, 39.3885)	(39, 39.3766)	(40, 39.3573)	(41, 39.3706)	(42, 39.3575)	(43, 39.3671)	(44, 39.3188)	(45, 39.3489)	(46, 39.3171)	(47, 39.3263)	(48, 39.3097)	(49, 39.3218)	(50, 39.2876)	(51, 39.2902)	(52, 39.2601)	(53, 39.2798)	(54, 39.2535)	(55, 39.2169)	(56, 39.2388)	(57, 39.2038)	(58, 39.2413)	(59, 39.2083)	(60, 39.1936)	(61, 39.1809)	(62, 39.203)	(63, 39.157)	(64, 39.1731)	(65, 39.1628)	(66, 39.1392)	(67, 39.15)	(68, 39.1181)	(69, 39.1148)	(70, 39.1001)	(71, 39.1089)	(72, 39.0918)	(73, 39.0719)	(74, 39.0666)	(75, 39.0644)	(76, 39.0117)	(77, 39.0275)	(78, 38.9977)	(79, 39.0019)	(80, 38.9897)	(81, 38.9806)	(82, 38.9814)	(83, 38.9608)	(84, 38.9492)	(85, 38.9365)	(86, 38.8975)	(87, 38.8923)	(88, 38.8844)	(89, 38.863)	(90, 38.8449)	(91, 38.8336)	(92, 38.852)	(93, 38.8531)	(94, 38.8401)	(95, 38.7525)	(96, 38.7964)	(97, 38.7264)	(98, 38.8248)	(99, 38.806)	(100, 38.8047)	(101, 38.778)	(102, 38.752)	(103, 38.7334)	(104, 38.6964)	(105, 38.7245)	(106, 38.7303)	(107, 38.4024)	(108, 38.6774)	(109, 38.6397)	(110, 38.6373)	(111, 38.6321)	(112, 38.6228)	(113, 38.5887)	(114, 38.5777)	(115, 38.5718)	(116, 38.5566)	(117, 38.5129)	(118, 38.5339)	(119, 38.5298)	(120, 38.5168)	(121, 38.4608)	(122, 38.1423)	(123, 38.4404)	(124, 38.4346)	(125, 38.4169)	(126, 38.429)	(127, 38.403)	(128, 38.4275)	(129, 38.3316)	(130, 38.3823)	(131, 38.3966)	(132, 38.3789)	(133, 38.3693)	(134, 38.3357)	(135, 38.3589)	(136, 38.357)	(137, 38.3077)	(138, 38.2963)	(139, 38.2489)	(140, 38.3129)	(141, 38.2911)	(142, 38.2912)	(143, 38.3437)	(144, 38.2752)	(145, 38.3825)	(146, 38.4154)	(147, 38.5306)	(148, 38.4935)	(149, 38.4105)	(150, 38.4562)
M145_3_2	(1, 39.356)	(2, 39.1476)	(3, 39.2709)	(4, 39.2591)	(5, 39.2339)	(6, 39.3058)	(7, 39.2879)	(8, 39.2914)	(9, 39.2694)	(10, 39.2809)	(11, 39.3254)	(12, 39.3153)	(13, 39.3226)	(14, 39.3243)	(15, 39.314)	(16, 39.4947)	(17, 39.4063)	(18, 39.501)	(19, 39.5014)	(20, 39.4856)	(21, 39.466)	(22, 39.4918)	(23, 39.5033)	(24, 39.4114)	(25, 39.4786)	(26, 39.4535)	(27, 39.4531)	(28, 39.4478)	(29, 39.4457)	(30, 39.4415)	(31, 39.2511)	(32, 39.4267)	(33, 39.4077)	(34, 39.4111)	(35, 39.4172)	(36, 39.4161)	(37, 39.4095)	(38, 39.4009)	(39, 39.3885)	(40, 39.3625)	(41, 39.3774)	(42, 39.3657)	(43, 39.3776)	(44, 39.3288)	(45, 39.3616)	(46, 39.3308)	(47, 39.3429)	(48, 39.3248)	(49, 39.3384)	(50, 39.2943)	(51, 39.304)	(52, 39.2811)	(53, 39.2948)	(54, 39.2628)	(55, 39.2392)	(56, 39.2623)	(57, 39.2505)	(58, 39.2586)	(59, 39.2363)	(60, 39.2212)	(61, 39.2106)	(62, 39.2203)	(63, 39.1739)	(64, 39.1842)	(65, 39.178)	(66, 39.1487)	(67, 39.1542)	(68, 39.1299)	(69, 39.1371)	(70, 39.1223)	(71, 39.1186)	(72, 39.1005)	(73, 39.0688)	(74, 39.0744)	(75, 39.0682)	(76, 39.0319)	(77, 39.0503)	(78, 39.0303)	(79, 39.0307)	(80, 39.0028)	(81, 39.0131)	(82, 39.0022)	(83, 38.9904)	(84, 38.9622)	(85, 38.9604)	(86, 38.9044)	(87, 38.9103)	(88, 38.8797)	(89, 38.8728)	(90, 38.8685)	(91, 38.8681)	(92, 38.8877)	(93, 38.8848)	(94, 38.8613)	(95, 38.7748)	(96, 38.823)	(97, 38.7451)	(98, 38.8428)	(99, 38.8203)	(100, 38.8254)	(101, 38.7966)	(102, 38.7692)	(103, 38.7441)	(104, 38.7225)	(105, 38.7483)	(106, 38.7465)	(107, 38.4151)	(108, 38.6872)	(109, 38.6545)	(110, 38.6613)	(111, 38.6522)	(112, 38.6393)	(113, 38.6212)	(114, 38.6132)	(115, 38.6003)	(116, 38.5825)	(117, 38.5368)	(118, 38.5521)	(119, 38.5412)	(120, 38.5337)	(121, 38.4703)	(122, 38.1463)	(123, 38.4344)	(124, 38.4143)	(125, 38.4163)	(126, 38.4441)	(127, 38.4163)	(128, 38.4449)	(129, 38.3571)	(130, 38.3987)	(131, 38.4151)	(132, 38.4039)	(133, 38.4034)	(134, 38.3772)	(135, 38.3997)	(136, 38.3763)	(137, 38.2972)	(138, 38.3116)	(139, 38.2727)	(140, 38.3453)	(141, 38.3199)	(142, 38.3232)	(143, 38.3588)	(144, 38.2892)	(145, 38.4125)	(146, 38.4462)	(147, 38.5493)	(148, 38.5113)	(149, 38.4274)	(150, 38.4887)
M145_3_3	(1, 39.2862)	(2, 39.1207)	(3, 39.2909)	(4, 39.2931)	(5, 39.2441)	(6, 39.3031)	(7, 39.2715)	(8, 39.2501)	(9, 39.2482)	(10, 39.2988)	(11, 39.3166)	(12, 39.3196)	(13, 39.3251)	(14, 39.3261)	(15, 39.3132)	(16, 39.4977)	(17, 39.4087)	(18, 39.501)	(19, 39.5049)	(20, 39.4876)	(21, 39.4708)	(22, 39.4953)	(23, 39.508)	(24, 39.4154)	(25, 39.4835)	(26, 39.4585)	(27, 39.4571)	(28, 39.4489)	(29, 39.4536)	(30, 39.4493)	(31, 39.2616)	(32, 39.4341)	(33, 39.4256)	(34, 39.4208)	(35, 39.4178)	(36, 39.4175)	(37, 39.4124)	(38, 39.4012)	(39, 39.3896)	(40, 39.3692)	(41, 39.3861)	(42, 39.3749)	(43, 39.3855)	(44, 39.3373)	(45, 39.3677)	(46, 39.3347)	(47, 39.3457)	(48, 39.3284)	(49, 39.3468)	(50, 39.3036)	(51, 39.3081)	(52, 39.282)	(53, 39.3024)	(54, 39.267)	(55, 39.2404)	(56, 39.2652)	(57, 39.2462)	(58, 39.2689)	(59, 39.2414)	(60, 39.2227)	(61, 39.214)	(62, 39.2255)	(63, 39.1764)	(64, 39.1862)	(65, 39.1812)	(66, 39.1537)	(67, 39.1648)	(68, 39.1326)	(69, 39.1348)	(70, 39.1261)	(71, 39.127)	(72, 39.1106)	(73, 39.0731)	(74, 39.0735)	(75, 39.0723)	(76, 39.036)	(77, 39.0525)	(78, 39.0293)	(79, 39.0394)	(80, 39.0119)	(81, 39.0186)	(82, 39.0206)	(83, 39.0026)	(84, 38.9771)	(85, 38.9749)	(86, 38.9183)	(87, 38.9222)	(88, 38.884)	(89, 38.8698)	(90, 38.868)	(91, 38.876)	(92, 38.9021)	(93, 38.9008)	(94, 38.8795)	(95, 38.7987)	(96, 38.8403)	(97, 38.769)	(98, 38.8616)	(99, 38.8417)	(100, 38.845)	(101, 38.8086)	(102, 38.7845)	(103, 38.7634)	(104, 38.7427)	(105, 38.7692)	(106, 38.772)	(107, 38.4388)	(108, 38.7058)	(109, 38.6645)	(110, 38.6807)	(111, 38.6738)	(112, 38.6601)	(113, 38.6416)	(114, 38.6366)	(115, 38.6242)	(116, 38.6052)	(117, 38.5581)	(118, 38.5811)	(119, 38.5735)	(120, 38.5607)	(121, 38.4975)	(122, 38.1744)	(123, 38.4539)	(124, 38.4433)	(125, 38.4435)	(126, 38.469)	(127, 38.4393)	(128, 38.4729)	(129, 38.3823)	(130, 38.429)	(131, 38.4465)	(132, 38.4388)	(133, 38.4329)	(134, 38.4048)	(135, 38.4298)	(136, 38.4063)	(137, 38.3264)	(138, 38.3339)	(139, 38.2854)	(140, 38.3716)	(141, 38.3417)	(142, 38.3477)	(143, 38.386)	(144, 38.3089)	(145, 38.4369)	(146, 38.4625)	(147, 38.5776)	(148, 38.5294)	(149, 38.4408)	(150, 38.5036)
M145_3_4	(1, 39.3122)	(2, 39.1525)	(3, 39.2746)	(4, 39.2935)	(5, 39.2358)	(6, 39.2645)	(7, 39.2704)	(8, 39.2744)	(9, 39.2541)	(10, 39.2453)	(11, 39.3151)	(12, 39.3179)	(13, 39.3258)	(14, 39.3292)	(15, 39.3192)	(16, 39.5064)	(17, 39.4182)	(18, 39.5114)	(19, 39.5139)	(20, 39.4954)	(21, 39.4765)	(22, 39.5031)	(23, 39.5125)	(24, 39.4192)	(25, 39.4873)	(26, 39.4644)	(27, 39.4648)	(28, 39.4565)	(29, 39.4609)	(30, 39.4596)	(31, 39.2668)	(32, 39.441)	(33, 39.417)	(34, 39.4219)	(35, 39.4291)	(36, 39.4328)	(37, 39.4246)	(38, 39.4131)	(39, 39.4002)	(40, 39.3778)	(41, 39.3928)	(42, 39.3831)	(43, 39.3921)	(44, 39.3473)	(45, 39.3787)	(46, 39.345)	(47, 39.3554)	(48, 39.3453)	(49, 39.3534)	(50, 39.3136)	(51, 39.3208)	(52, 39.2942)	(53, 39.3113)	(54, 39.2706)	(55, 39.2466)	(56, 39.2733)	(57, 39.261)	(58, 39.2779)	(59, 39.2513)	(60, 39.235)	(61, 39.2223)	(62, 39.2362)	(63, 39.1917)	(64, 39.201)	(65, 39.1954)	(66, 39.1663)	(67, 39.1741)	(68, 39.1485)	(69, 39.1479)	(70, 39.1383)	(71, 39.1394)	(72, 39.1243)	(73, 39.0888)	(74, 39.0941)	(75, 39.0888)	(76, 39.0508)	(77, 39.0699)	(78, 39.0482)	(79, 39.0558)	(80, 39.0224)	(81, 39.0328)	(82, 39.0225)	(83, 39.0141)	(84, 38.9814)	(85, 38.9804)	(86, 38.9187)	(87, 38.9228)	(88, 38.8955)	(89, 38.8872)	(90, 38.8753)	(91, 38.8779)	(92, 38.9051)	(93, 38.9012)	(94, 38.8796)	(95, 38.7933)	(96, 38.8397)	(97, 38.771)	(98, 38.8671)	(99, 38.8523)	(100, 38.8495)	(101, 38.8193)	(102, 38.7928)	(103, 38.7754)	(104, 38.7465)	(105, 38.7727)	(106, 38.7765)	(107, 38.446)	(108, 38.7119)	(109, 38.6717)	(110, 38.6782)	(111, 38.6675)	(112, 38.6576)	(113, 38.6398)	(114, 38.6355)	(115, 38.6236)	(116, 38.6098)	(117, 38.5601)	(118, 38.5726)	(119, 38.5671)	(120, 38.5556)	(121, 38.4933)	(122, 38.1668)	(123, 38.4502)	(124, 38.429)	(125, 38.4319)	(126, 38.4627)	(127, 38.4455)	(128, 38.4716)	(129, 38.3834)	(130, 38.4238)	(131, 38.4393)	(132, 38.4345)	(133, 38.4315)	(134, 38.404)	(135, 38.432)	(136, 38.4063)	(137, 38.326)	(138, 38.3345)	(139, 38.2886)	(140, 38.3624)	(141, 38.338)	(142, 38.3388)	(143, 38.3728)	(144, 38.298)	(145, 38.4224)	(146, 38.4558)	(147, 38.5617)	(148, 38.518)	(149, 38.4346)	(150, 38.4941)
