Sample	0	1	2	3	4	5	6	7	8	9	10	11	12	13	14	15	16	17	18	19	20	21	22	23	24	25	26	27	28	29	30	31	32	33	34	35	36	37	38	39	40	41	42	43	44	45	46	47	48	49	50	51	52	53	54	55	56	57	58	59	60	61	62	63	64	65	66	67	68	69	70	71	72	73	74	75	76	77	78	79	80	81	82	83	84	85	86	87	88	89	90	91	92	93	94	95	96	97	98	99	100	101	102	103	104	105	106	107	108	109	110	111	112	113	114	115	116	117	118	119	120	121	122	123	124	125	126	127	128	129	130	131	132	133	134	135	136	137	138	139	140	141	142	143	144	145	146	147	148	149
M145_1_1	(1, 80.8285)	(2, 67.097)	(3, 71.94739999999999)	(4, 73.7023)	(5, 66.1765)	(6, 63.344699999999996)	(7, 58.9346)	(8, 63.2127)	(9, 64.023)	(10, 65.9852)	(11, 71.95089999999999)	(12, 71.5851)	(13, 69.8209)	(14, 68.13510000000001)	(15, 66.7419)	(16, 67.6991)	(17, 67.0192)	(18, 67.77250000000001)	(19, 69.5441)	(20, 68.0802)	(21, 67.3455)	(22, 69.6378)	(23, 68.9466)	(24, 68.9342)	(25, 70.1455)	(26, 68.9986)	(27, 68.7813)	(28, 68.27839999999999)	(29, 68.6832)	(30, 68.0936)	(31, 69.1926)	(32, 67.8192)	(33, 68.041)	(34, 69.866)	(35, 68.5399)	(36, 67.7635)	(37, 70.2594)	(38, 69.04090000000001)	(39, 68.1545)	(40, 69.0287)	(41, 67.3035)	(42, 66.973)	(43, 67.9293)	(44, 68.745)	(45, 68.0595)	(46, 70.5856)	(47, 70.0692)	(48, 69.4741)	(49, 70.5389)	(50, 68.66489999999999)	(51, 68.0471)	(52, 70.1873)	(53, 68.2785)	(54, 68.975)	(55, 69.4892)	(56, 68.9131)	(57, 67.8618)	(58, 69.433)	(59, 68.5512)	(60, 68.76440000000001)	(61, 71.00370000000001)	(62, 69.162)	(63, 69.1102)	(64, 68.962)	(65, 69.5345)	(66, 68.46039999999999)	(67, 69.91770000000001)	(68, 69.0029)	(69, 67.49579999999999)	(70, 68.53630000000001)	(71, 68.1239)	(72, 69.2014)	(73, 68.886)	(74, 67.8047)	(75, 66.6536)	(76, 68.743)	(77, 67.7521)	(78, 68.9984)	(79, 70.0599)	(80, 69.962)	(81, 69.5448)	(82, 70.8428)	(83, 69.7495)	(84, 69.4281)	(85, 70.3189)	(86, 69.9727)	(87, 68.8571)	(88, 70.0259)	(89, 67.8779)	(90, 68.2474)	(91, 68.6119)	(92, 67.0843)	(93, 67.7936)	(94, 68.68220000000001)	(95, 69.0687)	(96, 69.3407)	(97, 69.8716)	(98, 68.4623)	(99, 68.8203)	(100, 69.1243)	(101, 69.6667)	(102, 67.8486)	(103, 68.61779999999999)	(104, 68.4106)	(105, 67.5178)	(106, 68.8933)	(107, 67.9303)	(108, 69.05210000000001)	(109, 70.3373)	(110, 69.7286)	(111, 68.609)	(112, 70.37400000000001)	(113, 69.79140000000001)	(114, 69.20490000000001)	(115, 69.4669)	(116, 69.8911)	(117, 68.9687)	(118, 70.178)	(119, 68.0057)	(120, 68.4391)	(121, 68.5461)	(122, 68.1872)	(123, 67.0457)	(124, 68.9391)	(125, 67.7304)	(126, 67.8481)	(127, 68.7641)	(128, 67.6782)	(129, 67.3434)	(130, 68.2902)	(131, 67.9786)	(132, 67.5059)	(133, 68.0453)	(134, 67.7329)	(135, 68.6083)	(136, 70.3969)	(137, 69.9816)	(138, 67.78359999999999)	(139, 68.8959)	(140, 67.5044)	(141, 67.3132)	(142, 69.6744)	(143, 68.4045)	(144, 68.20270000000001)	(145, 70.062)	(146, 69.63629999999999)	(147, 69.4602)	(148, 70.7076)	(149, 68.7178)	(150, 68.5029)
M145_1_2	(1, 80.8827)	(2, 67.06309999999999)	(3, 71.9049)	(4, 73.6804)	(5, 66.15299999999999)	(6, 63.2961)	(7, 59.004599999999996)	(8, 63.2859)	(9, 64.0706)	(10, 65.9675)	(11, 71.9935)	(12, 71.5933)	(13, 69.755)	(14, 68.0941)	(15, 66.7818)	(16, 67.7881)	(17, 67.0802)	(18, 67.824)	(19, 69.6295)	(20, 68.0384)	(21, 67.30890000000001)	(22, 69.64529999999999)	(23, 68.9237)	(24, 68.925)	(25, 70.1751)	(26, 68.999)	(27, 68.8142)	(28, 68.34949999999999)	(29, 68.6991)	(30, 68.1067)	(31, 69.1982)	(32, 67.8188)	(33, 68.04390000000001)	(34, 69.8659)	(35, 68.52890000000001)	(36, 67.7848)	(37, 70.2398)	(38, 69.0672)	(39, 68.19030000000001)	(40, 69.07799999999999)	(41, 67.2771)	(42, 67.011)	(43, 67.9935)	(44, 68.78609999999999)	(45, 68.1129)	(46, 70.6624)	(47, 70.0409)	(48, 69.4649)	(49, 70.5422)	(50, 68.66250000000001)	(51, 68.1618)	(52, 70.22359999999999)	(53, 68.3103)	(54, 68.9878)	(55, 69.5323)	(56, 68.89450000000001)	(57, 67.8742)	(58, 69.4884)	(59, 68.5528)	(60, 68.813)	(61, 70.9896)	(62, 69.1715)	(63, 69.1339)	(64, 69.03190000000001)	(65, 69.503)	(66, 68.4778)	(67, 69.93690000000001)	(68, 68.96379999999999)	(69, 67.5329)	(70, 68.60340000000001)	(71, 68.152)	(72, 69.2346)	(73, 68.9227)	(74, 67.8262)	(75, 66.7026)	(76, 68.8013)	(77, 67.7835)	(78, 68.99300000000001)	(79, 70.05369999999999)	(80, 69.9608)	(81, 69.51889999999999)	(82, 70.8725)	(83, 69.76790000000001)	(84, 69.40039999999999)	(85, 70.3862)	(86, 69.9839)	(87, 68.9199)	(88, 70.047)	(89, 67.9014)	(90, 68.2846)	(91, 68.6405)	(92, 67.0861)	(93, 67.8141)	(94, 68.7431)	(95, 69.1123)	(96, 69.3325)	(97, 69.9094)	(98, 68.526)	(99, 68.8079)	(100, 69.1936)	(101, 69.6147)	(102, 67.8065)	(103, 68.7174)	(104, 68.4349)	(105, 67.5365)	(106, 68.9393)	(107, 67.9803)	(108, 69.04090000000001)	(109, 70.3665)	(110, 69.72840000000001)	(111, 68.6257)	(112, 70.3519)	(113, 69.791)	(114, 69.2556)	(115, 69.485)	(116, 69.89269999999999)	(117, 68.9159)	(118, 70.24719999999999)	(119, 67.9994)	(120, 68.482)	(121, 68.6067)	(122, 68.217)	(123, 67.0997)	(124, 68.9434)	(125, 67.7689)	(126, 67.9253)	(127, 68.8373)	(128, 67.7066)	(129, 67.353)	(130, 68.39229999999999)	(131, 68.0016)	(132, 67.5365)	(133, 68.14489999999999)	(134, 67.756)	(135, 68.6654)	(136, 70.44120000000001)	(137, 70.0249)	(138, 67.7903)	(139, 68.9485)	(140, 67.5378)	(141, 67.3839)	(142, 69.7187)	(143, 68.4166)	(144, 68.2337)	(145, 70.11070000000001)	(146, 69.6397)	(147, 69.52199999999999)	(148, 70.7419)	(149, 68.70439999999999)	(150, 68.5154)
M145_1_3	(1, 80.9156)	(2, 66.8703)	(3, 71.73960000000001)	(4, 73.4879)	(5, 65.89930000000001)	(6, 63.110200000000006)	(7, 58.7627)	(8, 63.3958)	(9, 64.017)	(10, 65.9085)	(11, 72.1087)	(12, 71.5642)	(13, 69.66560000000001)	(14, 68.0721)	(15, 66.6485)	(16, 67.6751)	(17, 66.9204)	(18, 67.7136)	(19, 69.55170000000001)	(20, 68.0515)	(21, 67.2109)	(22, 69.5926)	(23, 68.9468)	(24, 68.855)	(25, 70.1076)	(26, 68.962)	(27, 68.7473)	(28, 68.2936)	(29, 68.7065)	(30, 68.0579)	(31, 69.1129)	(32, 67.8226)	(33, 67.99260000000001)	(34, 69.80579999999999)	(35, 68.5297)	(36, 67.8497)	(37, 70.2085)	(38, 69.02380000000001)	(39, 68.0592)	(40, 68.9552)	(41, 67.2154)	(42, 66.98190000000001)	(43, 67.86189999999999)	(44, 68.6948)	(45, 68.1202)	(46, 70.6171)	(47, 70.02380000000001)	(48, 69.4064)	(49, 70.62089999999999)	(50, 68.6595)	(51, 68.0689)	(52, 70.195)	(53, 68.2513)	(54, 68.9457)	(55, 69.4192)	(56, 68.8247)	(57, 67.8269)	(58, 69.4174)	(59, 68.5505)	(60, 68.7344)	(61, 70.97099999999999)	(62, 69.1443)	(63, 68.9782)	(64, 68.8962)	(65, 69.5141)	(66, 68.3075)	(67, 69.8117)	(68, 68.96039999999999)	(69, 67.44449999999999)	(70, 68.4883)	(71, 68.1661)	(72, 69.2089)	(73, 68.82639999999999)	(74, 67.91430000000001)	(75, 66.6832)	(76, 68.73129999999999)	(77, 67.8289)	(78, 69.017)	(79, 69.9938)	(80, 70.196)	(81, 69.44890000000001)	(82, 70.743)	(83, 69.69030000000001)	(84, 69.294)	(85, 70.2795)	(86, 69.9829)	(87, 68.808)	(88, 69.93310000000001)	(89, 67.8372)	(90, 68.1824)	(91, 68.5079)	(92, 67.0177)	(93, 67.7178)	(94, 68.62859999999999)	(95, 68.96170000000001)	(96, 69.2062)	(97, 69.7102)	(98, 68.4883)	(99, 68.7633)	(100, 69.0975)	(101, 69.65249999999999)	(102, 67.7295)	(103, 68.5818)	(104, 68.3963)	(105, 67.4332)	(106, 68.9243)	(107, 67.9683)	(108, 69.0356)	(109, 70.3416)	(110, 69.7165)	(111, 68.5327)	(112, 70.29260000000001)	(113, 69.7294)	(114, 69.1675)	(115, 69.3488)	(116, 69.8531)	(117, 68.8763)	(118, 70.07679999999999)	(119, 67.9521)	(120, 68.3995)	(121, 68.4698)	(122, 68.1937)	(123, 66.9887)	(124, 68.8803)	(125, 67.66489999999999)	(126, 67.7903)	(127, 68.7421)	(128, 67.5716)	(129, 67.2551)	(130, 68.2361)	(131, 67.9082)	(132, 67.4316)	(133, 68.029)	(134, 67.7465)	(135, 68.6513)	(136, 70.3432)	(137, 70.01180000000001)	(138, 67.6768)	(139, 68.83550000000001)	(140, 67.4788)	(141, 67.27929999999999)	(142, 69.6274)	(143, 68.3759)	(144, 68.1404)	(145, 70.0138)	(146, 69.6513)	(147, 69.46560000000001)	(148, 70.6383)	(149, 68.6591)	(150, 68.4347)
M145_2_1	(1, 80.8856)	(2, 66.5331)	(3, 72.8415)	(4, 74.7734)	(5, 65.6174)	(6, 62.977799999999995)	(7, 56.755900000000004)	(8, 61.66779999999999)	(9, 63.9405)	(10, 67.2909)	(11, 72.6301)	(12, 73.3241)	(13, 71.3186)	(14, 69.2263)	(15, 65.9322)	(16, 65.6777)	(17, 65.3583)	(18, 67.9633)	(19, 69.93549999999999)	(20, 68.16600000000001)	(21, 66.3351)	(22, 69.8288)	(23, 69.6868)	(24, 70.0454)	(25, 71.1994)	(26, 69.6689)	(27, 69.7939)	(28, 67.0715)	(29, 68.9678)	(30, 68.52470000000001)	(31, 69.0209)	(32, 67.2876)	(33, 68.3638)	(34, 70.4401)	(35, 68.8219)	(36, 67.4303)	(37, 70.76050000000001)	(38, 69.72930000000001)	(39, 68.1248)	(40, 68.1601)	(41, 65.0701)	(42, 64.93520000000001)	(43, 65.5536)	(44, 68.5463)	(45, 67.4657)	(46, 71.4645)	(47, 71.6077)	(48, 70.91)	(49, 71.8699)	(50, 68.6387)	(51, 67.7747)	(52, 70.6411)	(53, 67.7638)	(54, 69.67830000000001)	(55, 69.52850000000001)	(56, 69.0534)	(57, 67.1172)	(58, 69.20009999999999)	(59, 68.1048)	(60, 68.68469999999999)	(61, 72.0079)	(62, 69.1785)	(63, 69.8293)	(64, 68.2132)	(65, 69.9965)	(66, 68.3956)	(67, 70.26350000000001)	(68, 69.0877)	(69, 66.1176)	(70, 67.3469)	(71, 67.5485)	(72, 70.3468)	(73, 68.0065)	(74, 67.1888)	(75, 64.9594)	(76, 67.0052)	(77, 66.6214)	(78, 70.0509)	(79, 70.3082)	(80, 71.6505)	(81, 70.9947)	(82, 72.3121)	(83, 70.8657)	(84, 70.5841)	(85, 70.8118)	(86, 71.0827)	(87, 69.4829)	(88, 70.675)	(89, 66.6384)	(90, 68.01)	(91, 67.2252)	(92, 65.12790000000001)	(93, 66.8285)	(94, 67.3567)	(95, 69.3446)	(96, 70.4033)	(97, 69.9255)	(98, 67.9461)	(99, 68.97189999999999)	(100, 68.13810000000001)	(101, 70.41)	(102, 66.8955)	(103, 67.4114)	(104, 67.95179999999999)	(105, 66.8396)	(106, 68.5403)	(107, 66.985)	(108, 69.9072)	(109, 71.1668)	(110, 71.1636)	(111, 68.6545)	(112, 71.0693)	(113, 70.6347)	(114, 70.3497)	(115, 69.8833)	(116, 71.6212)	(117, 69.9199)	(118, 71.1982)	(119, 67.4157)	(120, 69.006)	(121, 67.7455)	(122, 67.7916)	(123, 65.4243)	(124, 68.3785)	(125, 66.54759999999999)	(126, 67.3698)	(127, 67.7933)	(128, 65.84179999999999)	(129, 66.05919999999999)	(130, 66.5414)	(131, 67.0064)	(132, 66.0626)	(133, 65.6107)	(134, 66.3125)	(135, 69.0959)	(136, 71.9117)	(137, 71.5097)	(138, 67.2752)	(139, 68.40079999999999)	(140, 65.8701)	(141, 65.7429)	(142, 69.5484)	(143, 67.94019999999999)	(144, 67.6632)	(145, 70.2229)	(146, 70.5484)	(147, 70.8316)	(148, 71.8352)	(149, 68.2167)	(150, 68.77220000000001)
M145_2_3	(1, 81.0496)	(2, 67.3065)	(3, 73.2035)	(4, 75.3927)	(5, 65.9149)	(6, 63.0001)	(7, 56.390499999999996)	(8, 61.264799999999994)	(9, 63.462399999999995)	(10, 67.0611)	(11, 71.9768)	(12, 72.8629)	(13, 71.4498)	(14, 69.6108)	(15, 66.4363)	(16, 65.9883)	(17, 65.4238)	(18, 67.9192)	(19, 69.9597)	(20, 68.0183)	(21, 66.1685)	(22, 69.73)	(23, 69.5595)	(24, 69.9775)	(25, 71.0369)	(26, 69.69030000000001)	(27, 69.81880000000001)	(28, 67.3301)	(29, 68.8595)	(30, 68.4635)	(31, 69.155)	(32, 67.0721)	(33, 68.1599)	(34, 70.6178)	(35, 68.7085)	(36, 67.4659)	(37, 70.7297)	(38, 69.8338)	(39, 68.1391)	(40, 68.3411)	(41, 65.17920000000001)	(42, 64.9276)	(43, 65.5654)	(44, 68.8138)	(45, 67.5593)	(46, 71.62349999999999)	(47, 71.47240000000001)	(48, 70.88560000000001)	(49, 71.9102)	(50, 68.8413)	(51, 67.7685)	(52, 70.5395)	(53, 67.8065)	(54, 69.3414)	(55, 69.72030000000001)	(56, 69.2531)	(57, 67.314)	(58, 69.3018)	(59, 68.1515)	(60, 68.4295)	(61, 71.993)	(62, 69.29650000000001)	(63, 69.6611)	(64, 68.5136)	(65, 69.59490000000001)	(66, 68.1556)	(67, 70.0531)	(68, 68.8227)	(69, 65.90209999999999)	(70, 67.3068)	(71, 67.25919999999999)	(72, 70.35329999999999)	(73, 68.1981)	(74, 67.2861)	(75, 65.11789999999999)	(76, 67.1747)	(77, 66.4847)	(78, 69.8673)	(79, 70.1543)	(80, 71.51650000000001)	(81, 70.8386)	(82, 72.2047)	(83, 70.9571)	(84, 70.4404)	(85, 70.8309)	(86, 70.9803)	(87, 69.42580000000001)	(88, 70.8284)	(89, 66.7609)	(90, 67.986)	(91, 67.4874)	(92, 65.26859999999999)	(93, 66.7041)	(94, 67.6239)	(95, 69.1047)	(96, 70.4597)	(97, 70.03779999999999)	(98, 67.9908)	(99, 68.78840000000001)	(100, 68.2625)	(101, 70.2825)	(102, 67.0224)	(103, 67.5764)	(104, 67.9586)	(105, 67.0266)	(106, 68.4168)	(107, 66.8063)	(108, 69.6305)	(109, 70.8008)	(110, 71.0402)	(111, 68.4017)	(112, 70.8798)	(113, 70.314)	(114, 70.1912)	(115, 69.5621)	(116, 71.4334)	(117, 69.5884)	(118, 71.1322)	(119, 67.3758)	(120, 69.0059)	(121, 67.9387)	(122, 67.78359999999999)	(123, 65.4696)	(124, 68.2384)	(125, 66.7742)	(126, 67.215)	(127, 67.9581)	(128, 65.8671)	(129, 66.1182)	(130, 66.457)	(131, 66.9203)	(132, 66.0393)	(133, 65.54990000000001)	(134, 66.4822)	(135, 68.8852)	(136, 71.9128)	(137, 71.3603)	(138, 67.5249)	(139, 68.4166)	(140, 66.0268)	(141, 65.5979)	(142, 69.7279)	(143, 67.9702)	(144, 67.5187)	(145, 70.4027)	(146, 70.4319)	(147, 70.6843)	(148, 71.7868)	(149, 68.2562)	(150, 68.52709999999999)
M145_2_4	(1, 81.2484)	(2, 68.5053)	(3, 74.1567)	(4, 76.39479999999999)	(5, 67.5668)	(6, 63.3257)	(7, 55.397200000000005)	(8, 59.5881)	(9, 61.6408)	(10, 66.0812)	(11, 69.824)	(12, 71.64)	(13, 71.3575)	(14, 69.7209)	(15, 67.4794)	(16, 66.5744)	(17, 66.2978)	(18, 67.6809)	(19, 69.4562)	(20, 68.54639999999999)	(21, 66.85560000000001)	(22, 69.2618)	(23, 68.1167)	(24, 69.0413)	(25, 70.0149)	(26, 69.33019999999999)	(27, 69.5099)	(28, 67.29469999999999)	(29, 69.1605)	(30, 68.3053)	(31, 70.14869999999999)	(32, 67.72409999999999)	(33, 67.6827)	(34, 70.4028)	(35, 67.4674)	(36, 67.15820000000001)	(37, 70.7507)	(38, 69.5016)	(39, 67.7238)	(40, 67.86720000000001)	(41, 65.2492)	(42, 65.0047)	(43, 66.0454)	(44, 68.6697)	(45, 67.5898)	(46, 71.9419)	(47, 71.1355)	(48, 70.6555)	(49, 71.796)	(50, 69.6271)	(51, 68.729)	(52, 70.63279999999999)	(53, 68.4236)	(54, 68.7566)	(55, 68.7893)	(56, 68.541)	(57, 67.5623)	(58, 69.0769)	(59, 68.5768)	(60, 67.4591)	(61, 71.437)	(62, 69.7659)	(63, 69.9483)	(64, 69.3318)	(65, 69.0539)	(66, 67.01219999999999)	(67, 69.20920000000001)	(68, 67.7737)	(69, 65.9437)	(70, 68.3982)	(71, 66.99929999999999)	(72, 70.6376)	(73, 69.1237)	(74, 69.1138)	(75, 66.4818)	(76, 68.3005)	(77, 67.32000000000001)	(78, 70.34129999999999)	(79, 71.07900000000001)	(80, 71.5646)	(81, 70.3718)	(82, 71.4535)	(83, 70.59100000000001)	(84, 69.8403)	(85, 70.2492)	(86, 70.6167)	(87, 68.7386)	(88, 70.7757)	(89, 67.4091)	(90, 67.79129999999999)	(91, 68.11930000000001)	(92, 65.8176)	(93, 66.0853)	(94, 67.25290000000001)	(95, 68.107)	(96, 70.2468)	(97, 69.5658)	(98, 66.9403)	(99, 67.8722)	(100, 68.659)	(101, 70.7132)	(102, 68.0143)	(103, 69.0767)	(104, 67.9141)	(105, 68.108)	(106, 67.7282)	(107, 67.1473)	(108, 69.6336)	(109, 70.086)	(110, 70.7315)	(111, 68.7172)	(112, 70.6198)	(113, 69.5273)	(114, 69.2027)	(115, 67.8052)	(116, 70.70870000000001)	(117, 68.21430000000001)	(118, 70.7486)	(119, 67.5478)	(120, 68.6153)	(121, 68.9724)	(122, 67.4481)	(123, 64.9619)	(124, 67.20620000000001)	(125, 66.9322)	(126, 66.4951)	(127, 68.52329999999999)	(128, 66.9402)	(129, 67.0814)	(130, 65.3823)	(131, 65.9991)	(132, 66.00110000000001)	(133, 65.8832)	(134, 67.1652)	(135, 68.0259)	(136, 72.0055)	(137, 71.2673)	(138, 68.7716)	(139, 68.71159999999999)	(140, 66.4551)	(141, 65.9254)	(142, 70.014)	(143, 68.5442)	(144, 66.8591)	(145, 70.0658)	(146, 69.552)	(147, 69.8632)	(148, 71.7089)	(149, 68.8454)	(150, 67.80279999999999)
M145_3_2	(1, 80.9303)	(2, 65.7946)	(3, 73.235)	(4, 74.57430000000001)	(5, 65.2556)	(6, 62.8873)	(7, 56.6241)	(8, 62.81830000000001)	(9, 64.3341)	(10, 67.2087)	(11, 72.6867)	(12, 73.7411)	(13, 71.2152)	(14, 68.743)	(15, 65.3463)	(16, 65.2829)	(17, 65.24839999999999)	(18, 68.1029)	(19, 69.743)	(20, 68.34599999999999)	(21, 66.0685)	(22, 69.7793)	(23, 69.2953)	(24, 69.8508)	(25, 71.0183)	(26, 69.12740000000001)	(27, 69.3934)	(28, 66.4242)	(29, 69.05369999999999)	(30, 68.4123)	(31, 69.125)	(32, 67.6301)	(33, 68.2371)	(34, 69.9821)	(35, 68.47229999999999)	(36, 67.3535)	(37, 70.515)	(38, 69.1071)	(39, 67.26339999999999)	(40, 66.8377)	(41, 63.8194)	(42, 64.7317)	(43, 64.75189999999999)	(44, 68.613)	(45, 67.4236)	(46, 71.7701)	(47, 71.8643)	(48, 70.7722)	(49, 71.8646)	(50, 68.7738)	(51, 68.3642)	(52, 70.88640000000001)	(53, 67.3111)	(54, 69.65440000000001)	(55, 68.604)	(56, 68.17569999999999)	(57, 66.83449999999999)	(58, 68.7199)	(59, 67.8509)	(60, 68.7196)	(61, 72.1695)	(62, 69.407)	(63, 69.955)	(64, 67.7002)	(65, 70.0052)	(66, 67.4833)	(67, 69.4447)	(68, 68.5603)	(69, 65.43050000000001)	(70, 67.36189999999999)	(71, 67.3649)	(72, 70.4794)	(73, 67.7025)	(74, 67.853)	(75, 65.0012)	(76, 67.0201)	(77, 67.01820000000001)	(78, 70.5558)	(79, 70.36580000000001)	(80, 72.10029999999999)	(81, 70.8001)	(82, 72.0109)	(83, 70.26440000000001)	(84, 70.1379)	(85, 70.0021)	(86, 70.6567)	(87, 69.1103)	(88, 70.47579999999999)	(89, 66.1651)	(90, 67.7842)	(91, 66.5218)	(92, 64.5632)	(93, 66.23750000000001)	(94, 66.99119999999999)	(95, 69.4624)	(96, 69.8589)	(97, 68.6476)	(98, 66.95870000000001)	(99, 68.5865)	(100, 67.8705)	(101, 70.67360000000001)	(102, 66.4629)	(103, 67.4334)	(104, 67.5034)	(105, 66.2324)	(106, 68.2084)	(107, 66.4616)	(108, 70.17330000000001)	(109, 71.242)	(110, 71.1532)	(111, 68.747)	(112, 71.1522)	(113, 70.0407)	(114, 69.9127)	(115, 68.9618)	(116, 71.449)	(117, 69.54169999999999)	(118, 70.7264)	(119, 67.29230000000001)	(120, 69.2068)	(121, 67.3252)	(122, 67.1444)	(123, 64.8277)	(124, 67.83749999999999)	(125, 66.059)	(126, 67.15910000000001)	(127, 67.5288)	(128, 65.13069999999999)	(129, 65.5878)	(130, 65.4887)	(131, 65.9387)	(132, 65.71470000000001)	(133, 64.7367)	(134, 66.3434)	(135, 69.3558)	(136, 72.0284)	(137, 71.31830000000001)	(138, 66.6133)	(139, 67.5716)	(140, 65.2589)	(141, 65.8236)	(142, 69.2343)	(143, 67.6904)	(144, 66.9495)	(145, 69.2493)	(146, 70.1407)	(147, 70.8862)	(148, 71.5328)	(149, 67.94019999999999)	(150, 68.9952)
M145_3_3	(1, 81.3064)	(2, 66.6118)	(3, 74.0598)	(4, 75.3716)	(5, 65.0656)	(6, 62.101099999999995)	(7, 54.038)	(8, 60.896499999999996)	(9, 62.7488)	(10, 66.5234)	(11, 71.5497)	(12, 73.7135)	(13, 71.56670000000001)	(14, 68.94200000000001)	(15, 64.9317)	(16, 64.3107)	(17, 64.3831)	(18, 67.7113)	(19, 69.19)	(20, 68.00460000000001)	(21, 65.3437)	(22, 69.2122)	(23, 68.5081)	(24, 69.4538)	(25, 70.3847)	(26, 68.9648)	(27, 69.2187)	(28, 65.499)	(29, 68.66)	(30, 67.8313)	(31, 69.1375)	(32, 67.203)	(33, 67.9396)	(34, 69.8357)	(35, 67.7714)	(36, 66.5352)	(37, 70.29849999999999)	(38, 68.82549999999999)	(39, 66.4393)	(40, 65.8553)	(41, 62.573100000000004)	(42, 63.7767)	(43, 63.7209)	(44, 68.7145)	(45, 67.1218)	(46, 72.11999999999999)	(47, 72.0611)	(48, 70.9649)	(49, 72.13929999999999)	(50, 69.02380000000001)	(51, 68.33590000000001)	(52, 70.7847)	(53, 67.0141)	(54, 69.135)	(55, 67.91279999999999)	(56, 67.74470000000001)	(57, 66.2818)	(58, 67.9385)	(59, 67.7407)	(60, 68.1747)	(61, 72.3784)	(62, 69.7498)	(63, 70.2103)	(64, 67.7601)	(65, 69.892)	(66, 66.7507)	(67, 68.8347)	(68, 67.7012)	(69, 64.4487)	(70, 66.8732)	(71, 66.3455)	(72, 70.6796)	(73, 67.1839)	(74, 67.9899)	(75, 64.51480000000001)	(76, 66.6027)	(77, 66.31320000000001)	(78, 70.6342)	(79, 70.2161)	(80, 72.2966)	(81, 70.9107)	(82, 72.0405)	(83, 70.52289999999999)	(84, 70.0544)	(85, 69.48)	(86, 70.48830000000001)	(87, 68.5224)	(88, 70.3522)	(89, 65.4606)	(90, 67.3758)	(91, 65.9538)	(92, 64.01480000000001)	(93, 65.2234)	(94, 66.27159999999999)	(95, 69.00410000000001)	(96, 69.9415)	(97, 68.2664)	(98, 65.8372)	(99, 67.7428)	(100, 67.1404)	(101, 70.8835)	(102, 66.152)	(103, 67.14189999999999)	(104, 66.7043)	(105, 65.763)	(106, 66.84750000000001)	(107, 65.26530000000001)	(108, 69.69919999999999)	(109, 70.65979999999999)	(110, 71.3142)	(111, 68.4735)	(112, 70.8584)	(113, 69.572)	(114, 69.5526)	(115, 67.8328)	(116, 71.3298)	(117, 68.772)	(118, 70.8287)	(119, 66.98570000000001)	(120, 69.08959999999999)	(121, 67.05529999999999)	(122, 66.3891)	(123, 63.6715)	(124, 66.8313)	(125, 65.5904)	(126, 66.1328)	(127, 67.041)	(128, 64.4404)	(129, 64.91)	(130, 63.9296)	(131, 64.8295)	(132, 64.83449999999999)	(133, 63.5351)	(134, 65.8746)	(135, 68.6429)	(136, 72.0519)	(137, 71.30330000000001)	(138, 66.4797)	(139, 66.9176)	(140, 64.4532)	(141, 65.1186)	(142, 69.1721)	(143, 67.3006)	(144, 65.8062)	(145, 68.7975)	(146, 69.5793)	(147, 70.8391)	(148, 71.7585)	(149, 67.8478)	(150, 68.83200000000001)
M145_3_4	(1, 80.8229)	(2, 65.7331)	(3, 73.4185)	(4, 75.2115)	(5, 65.2698)	(6, 63.043099999999995)	(7, 56.1368)	(8, 61.8183)	(9, 64.03750000000001)	(10, 67.4401)	(11, 72.6019)	(12, 74.1526)	(13, 71.8691)	(14, 69.4499)	(15, 65.21289999999999)	(16, 64.5617)	(17, 64.2703)	(18, 68.1283)	(19, 69.7445)	(20, 68.21390000000001)	(21, 65.7597)	(22, 69.75670000000001)	(23, 69.3863)	(24, 70.19999999999999)	(25, 71.0309)	(26, 69.6431)	(27, 69.8806)	(28, 65.985)	(29, 68.7058)	(30, 68.2441)	(31, 69.1025)	(32, 67.3051)	(33, 68.3555)	(34, 70.1292)	(35, 68.4687)	(36, 67.1846)	(37, 70.7096)	(38, 69.3523)	(39, 67.18119999999999)	(40, 66.8246)	(41, 63.380199999999995)	(42, 63.8991)	(43, 63.95459999999999)	(44, 68.6195)	(45, 67.0313)	(46, 72.0022)	(47, 72.2996)	(48, 71.3021)	(49, 72.5409)	(50, 68.9897)	(51, 68.19420000000001)	(52, 71.07820000000001)	(53, 67.1163)	(54, 69.74249999999999)	(55, 68.7436)	(56, 68.5082)	(57, 66.293)	(58, 68.35130000000001)	(59, 67.6408)	(60, 68.5994)	(61, 72.5046)	(62, 69.4331)	(63, 70.1922)	(64, 67.6656)	(65, 70.0237)	(66, 67.549)	(67, 69.6317)	(68, 68.3311)	(69, 64.9889)	(70, 66.72160000000001)	(71, 66.5793)	(72, 70.6268)	(73, 67.24029999999999)	(74, 67.17689999999999)	(75, 64.1554)	(76, 66.3685)	(77, 65.9326)	(78, 70.5121)	(79, 70.2497)	(80, 72.3006)	(81, 71.4913)	(82, 72.7925)	(83, 70.8316)	(84, 70.5968)	(85, 70.158)	(86, 70.9859)	(87, 69.0733)	(88, 70.5662)	(89, 65.5693)	(90, 67.8075)	(91, 65.9619)	(92, 64.0315)	(93, 65.8223)	(94, 66.5254)	(95, 69.281)	(96, 70.3002)	(97, 69.0669)	(98, 66.7372)	(99, 68.4026)	(100, 67.3824)	(101, 70.7816)	(102, 66.2482)	(103, 66.7919)	(104, 67.1647)	(105, 65.8168)	(106, 67.6198)	(107, 65.681)	(108, 70.0189)	(109, 71.09440000000001)	(110, 71.60499999999999)	(111, 68.6773)	(112, 71.33040000000001)	(113, 70.3947)	(114, 70.226)	(115, 69.0412)	(116, 71.796)	(117, 69.78490000000001)	(118, 71.4486)	(119, 67.4269)	(120, 69.5345)	(121, 67.118)	(122, 67.0791)	(123, 64.3235)	(124, 67.6408)	(125, 65.74069999999999)	(126, 66.6385)	(127, 67.02590000000001)	(128, 64.6899)	(129, 64.9019)	(130, 64.9055)	(131, 65.4288)	(132, 65.01989999999999)	(133, 63.9064)	(134, 65.667)	(135, 68.983)	(136, 72.284)	(137, 71.8129)	(138, 66.4846)	(139, 67.4255)	(140, 64.536)	(141, 65.0347)	(142, 69.19579999999999)	(143, 67.3289)	(144, 66.66260000000001)	(145, 69.4529)	(146, 70.0778)	(147, 71.1812)	(148, 72.18050000000001)	(149, 67.8185)	(150, 69.0615)
