Sample	0	1	2	3	4	5	6	7	8	9	10	11	12	13	14	15	16	17	18	19	20	21	22	23	24	25	26	27	28	29	30	31	32	33	34	35	36	37	38	39	40	41	42	43	44	45	46	47	48	49	50	51	52	53	54	55	56	57	58	59	60	61	62	63	64	65	66	67	68	69	70	71	72	73	74	75	76	77	78	79	80	81	82	83	84	85	86	87	88	89	90	91	92	93	94	95	96	97	98	99	100	101	102	103	104	105	106	107	108	109	110	111	112	113	114	115	116	117	118	119	120	121	122	123	124	125	126	127	128	129	130	131	132	133	134	135	136	137	138	139	140	141	142	143	144	145	146	147	148	149
M145_1_1	(1, 0.0)	(2, 0.30855499999999997)	(3, 2.8169500000000002e-05)	(4, 9.859340000000001e-05)	(5, 0.0)	(6, 0.0)	(7, 0.00725366)	(8, 0.00157749)	(9, 1.40848e-05)	(10, 7.04239e-05)	(11, 5.6339100000000004e-05)	(12, 1.40848e-05)	(13, 7.04239e-05)	(14, 0.000126763)	(15, 1.40848e-05)	(16, 0.0006338149999999999)	(17, 0.0)	(18, 0.16851)	(19, 0.0)	(20, 4.22543e-05)	(21, 1.40848e-05)	(22, 0.0)	(23, 0.0)	(24, 2.8169500000000002e-05)	(25, 0.0)	(26, 5.6339100000000004e-05)	(27, 0.0)	(28, 1.40848e-05)	(29, 1.40848e-05)	(30, 5.6339100000000004e-05)	(31, 7.04239e-05)	(32, 7.04239e-05)	(33, 5.6339100000000004e-05)	(34, 0.000140848)	(35, 0.000309865)	(36, 0.0)	(37, 0.0)	(38, 4.22543e-05)	(39, 0.244836)	(40, 0.0)	(41, 0.0)	(42, 0.0)	(43, 0.0)	(44, 0.0)	(45, 0.0)	(46, 1.40848e-05)	(47, 0.0)	(48, 0.0)	(49, 0.0)	(50, 0.0)	(51, 0.0)	(52, 0.0)	(53, 0.0)	(54, 0.0)	(55, 0.0)	(56, 1.40861e-05)	(57, 0.0)	(58, 0.0)	(59, 2.8173599999999997e-05)	(60, 0.0)	(61, 0.0)	(62, 0.0)	(63, 0.0)	(64, 0.0)	(65, 0.0)	(66, 8.453180000000001e-05)	(67, 1.4088900000000002e-05)	(68, 2.81783e-05)	(69, 1.40895e-05)	(70, 0.0)	(71, 0.0014512799999999999)	(72, 4.22715e-05)	(73, 0.0)	(74, 1.4091200000000002e-05)	(75, 0.000958228)	(76, 1.40919e-05)	(77, 0.0)	(78, 4.22783e-05)	(79, 1.4093200000000001e-05)	(80, 4.2280699999999997e-05)	(81, 1.4094e-05)	(82, 0.000155039)	(83, 0.00019732999999999998)	(84, 0.000183241)	(85, 0.000310111)	(86, 2.8192900000000002e-05)	(87, 4.2291e-05)	(88, 1.40975e-05)	(89, 0.204506)	(90, 5.63945e-05)	(91, 8.45955e-05)	(92, 7.04991e-05)	(93, 0.000846028)	(94, 0.000352529)	(95, 2.8203700000000002e-05)	(96, 0.06601470000000001)	(97, 1.41035e-05)	(98, 0.0)	(99, 0.000183369)	(100, 0.0615033)	(101, 0.0)	(102, 0.0)	(103, 0.000465606)	(104, 0.0)	(105, 2.8223e-05)	(106, 1.41128e-05)	(107, 1.4114100000000001e-05)	(108, 2.82309e-05)	(109, 4.23508e-05)	(110, 2.82372e-05)	(111, 8.472090000000001e-05)	(112, 0.000593122)	(113, 0.000155362)	(114, 0.000296638)	(115, 1.41277e-05)	(116, 1.41298e-05)	(117, 0.0006218209999999999)	(118, 0.15662700000000002)	(119, 7.068680000000001e-05)	(120, 0.0)	(121, 0.00149916)	(122, 0.000127313)	(123, 0.000183938)	(124, 0.00018398200000000001)	(125, 0.000353904)	(126, 0.00116113)	(127, 0.0)	(128, 8.50158e-05)	(129, 0.153963)	(130, 0.0515857)	(131, 0.0)	(132, 4.25765e-05)	(133, 0.0)	(134, 0.0)	(135, 0.0)	(136, 0.0)	(137, 0.0)	(138, 0.0)	(139, 2.85176e-05)	(140, 0.0)	(141, 0.0)	(142, 0.00177451)	(143, 0.00018637)	(144, 0.0)	(145, 0.000172916)	(146, 5.7906300000000005e-05)	(147, 0.0)	(148, 0.0)	(149, 0.0)	(150, 0.0)
M145_1_2	(1, 0.0)	(2, 0.31757)	(3, 0.0)	(4, 0.000103737)	(5, 1.4819600000000001e-05)	(6, 4.44589e-05)	(7, 0.007721029999999999)	(8, 0.00163016)	(9, 2.96393e-05)	(10, 2.96393e-05)	(11, 4.44589e-05)	(12, 7.40982e-05)	(13, 2.96393e-05)	(14, 0.000103737)	(15, 2.96393e-05)	(16, 0.0009780960000000001)	(17, 0.0)	(18, 0.168662)	(19, 0.0)	(20, 7.40982e-05)	(21, 0.0)	(22, 0.0)	(23, 1.4819600000000001e-05)	(24, 0.0)	(25, 1.4819600000000001e-05)	(26, 1.4819600000000001e-05)	(27, 1.4819600000000001e-05)	(28, 4.44589e-05)	(29, 4.44589e-05)	(30, 0.0)	(31, 7.40982e-05)	(32, 4.44589e-05)	(33, 0.000148196)	(34, 0.000133377)	(35, 0.000192655)	(36, 0.0)	(37, 0.0)	(38, 4.44589e-05)	(39, 0.24141200000000002)	(40, 0.0)	(41, 0.0)	(42, 0.0)	(43, 0.0)	(44, 1.4819600000000001e-05)	(45, 0.0)	(46, 0.0)	(47, 0.0)	(48, 0.0)	(49, 0.0)	(50, 0.0)	(51, 0.0)	(52, 0.0)	(53, 0.0)	(54, 0.0)	(55, 0.0)	(56, 1.4821000000000001e-05)	(57, 0.0)	(58, 0.0)	(59, 0.0)	(60, 0.0)	(61, 0.0)	(62, 0.0)	(63, 0.0)	(64, 0.0)	(65, 0.0)	(66, 2.9647e-05)	(67, 0.0)	(68, 1.4824100000000001e-05)	(69, 0.0)	(70, 1.4824699999999999e-05)	(71, 0.00134907)	(72, 1.48253e-05)	(73, 1.48257e-05)	(74, 0.0)	(75, 0.000845102)	(76, 2.9653399999999996e-05)	(77, 1.4827099999999999e-05)	(78, 1.48275e-05)	(79, 0.0)	(80, 0.000103798)	(81, 1.4828800000000001e-05)	(82, 1.4829299999999999e-05)	(83, 0.000266936)	(84, 0.000118642)	(85, 0.00022246199999999999)	(86, 1.4831300000000001e-05)	(87, 0.0)	(88, 2.9665e-05)	(89, 0.20316800000000002)	(90, 2.9667200000000003e-05)	(91, 4.4503000000000004e-05)	(92, 7.41752e-05)	(93, 0.000786297)	(94, 0.00038575199999999995)	(95, 4.45123e-05)	(96, 0.06300309999999999)	(97, 0.0)	(98, 0.0)	(99, 0.00038586699999999997)	(100, 0.062113999999999996)	(101, 0.0)	(102, 2.96886e-05)	(103, 0.000385985)	(104, 0.0)	(105, 0.0)	(106, 1.48495e-05)	(107, 2.97019e-05)	(108, 0.0)	(109, 1.4854e-05)	(110, 2.97116e-05)	(111, 4.4573099999999995e-05)	(112, 0.000534947)	(113, 0.000104032)	(114, 0.00017836500000000002)	(115, 4.45983e-05)	(116, 2.97369e-05)	(117, 0.000624581)	(118, 0.153228)	(119, 4.46292e-05)	(120, 7.43972e-05)	(121, 0.0017114900000000002)	(122, 0.00013397099999999998)	(123, 0.000134002)	(124, 0.00019360799999999998)	(125, 0.000253251)	(126, 0.00131133)	(127, 0.0)	(128, 7.45591e-05)	(129, 0.150845)	(130, 0.051127)	(131, 0.0)	(132, 1.4936699999999999e-05)	(133, 0.0)	(134, 0.0)	(135, 0.0)	(136, 0.0)	(137, 0.0)	(138, 0.0)	(139, 7.504190000000001e-05)	(140, 1.5024300000000001e-05)	(141, 0.0)	(142, 0.00197336)	(143, 0.00030182)	(144, 0.0)	(145, 0.00024269200000000003)	(146, 9.14384e-05)	(147, 0.0)	(148, 0.0)	(149, 0.0)	(150, 0.0)
M145_1_3	(1, 0.0)	(2, 0.0770275)	(3, 3.41434e-05)	(4, 2.27623e-05)	(5, 0.0)	(6, 0.0)	(7, 0.00366472)	(8, 0.00117226)	(9, 3.41434e-05)	(10, 4.55245e-05)	(11, 0.0012633)	(12, 0.0)	(13, 0.0)	(14, 0.0)	(15, 0.016662)	(16, 0.0)	(17, 0.0)	(18, 0.0)	(19, 0.0)	(20, 0.0)	(21, 0.0)	(22, 3.41434e-05)	(23, 0.0)	(24, 0.0)	(25, 0.0)	(26, 0.0)	(27, 0.0)	(28, 0.0)	(29, 0.0)	(30, 0.0)	(31, 0.000853584)	(32, 0.0)	(33, 0.0)	(34, 0.0)	(35, 0.000432483)	(36, 0.0)	(37, 1.13811e-05)	(38, 0.0)	(39, 0.0)	(40, 0.000113811)	(41, 0.0)	(42, 0.0)	(43, 0.0)	(44, 0.0)	(45, 0.0)	(46, 0.0)	(47, 0.00010243000000000001)	(48, 3.41434e-05)	(49, 1.13811e-05)	(50, 0.0)	(51, 0.0)	(52, 0.0)	(53, 0.0)	(54, 0.0)	(55, 0.0)	(56, 1.1382099999999999e-05)	(57, 0.000409761)	(58, 1.13824e-05)	(59, 1.13826e-05)	(60, 0.0)	(61, 0.0)	(62, 1.13832e-05)	(63, 0.0)	(64, 0.0)	(65, 0.0)	(66, 3.4152499999999995e-05)	(67, 0.0)	(68, 3.4153800000000005e-05)	(69, 0.0)	(70, 0.0)	(71, 0.00149147)	(72, 0.0)	(73, 2.27716e-05)	(74, 0.000352967)	(75, 0.00042129300000000005)	(76, 0.0)	(77, 0.0)	(78, 1.13873e-05)	(79, 0.0727214)	(80, 0.0)	(81, 0.0)	(82, 0.0)	(83, 0.0)	(84, 0.0)	(85, 0.0)	(86, 0.0)	(87, 1.1390700000000001e-05)	(88, 0.0)	(89, 0.0)	(90, 6.83526e-05)	(91, 0.0)	(92, 0.0)	(93, 0.00419285)	(94, 0.000284856)	(95, 0.0)	(96, 1.13955e-05)	(97, 0.0)	(98, 3.4190400000000004e-05)	(99, 1.13975e-05)	(100, 0.0)	(101, 1.13991e-05)	(102, 1.1400000000000001e-05)	(103, 1.14009e-05)	(104, 0.0)	(105, 0.0)	(106, 2.28079e-05)	(107, 1.1405e-05)	(108, 0.000330779)	(109, 4.56291e-05)	(110, 5.70429e-05)	(111, 3.42296e-05)	(112, 0.000878668)	(113, 9.1302e-05)	(114, 5.70718e-05)	(115, 0.00011416100000000001)	(116, 9.13429e-05)	(117, 3.42593e-05)	(118, 2.28436e-05)	(119, 2.2847699999999998e-05)	(120, 0.0999087)	(121, 0.0015428199999999999)	(122, 0.000297196)	(123, 9.14647e-05)	(124, 8.00516e-05)	(125, 0.00010295000000000001)	(126, 0.00326105)	(127, 0.0)	(128, 0.0)	(129, 0.00087049)	(130, 0.10260799999999999)	(131, 0.0)	(132, 5.73388e-05)	(133, 0.0)	(134, 0.0)	(135, 0.0)	(136, 1.14932e-05)	(137, 0.0)	(138, 1.1510199999999999e-05)	(139, 0.0)	(140, 0.00010378799999999999)	(141, 0.0)	(142, 0.00202322)	(143, 0.0049799300000000005)	(144, 0.0)	(145, 0.000512098)	(146, 0.000537804)	(147, 0.0)	(148, 0.0)	(149, 0.0)	(150, 0.0)
M145_2_1	(1, 0.0)	(2, 0.0767846)	(3, 5.388390000000001e-05)	(4, 4.0413e-05)	(5, 1.3470999999999999e-05)	(6, 0.0)	(7, 0.00348899)	(8, 0.000889085)	(9, 0.0)	(10, 0.0)	(11, 0.00130669)	(12, 0.0)	(13, 0.0)	(14, 0.0)	(15, 0.016731)	(16, 0.0)	(17, 0.0)	(18, 0.0)	(19, 0.0)	(20, 0.0)	(21, 0.0)	(22, 4.0413e-05)	(23, 0.0)	(24, 0.0)	(25, 0.0)	(26, 0.0)	(27, 0.0)	(28, 0.0)	(29, 0.0)	(30, 0.0)	(31, 0.00106421)	(32, 0.0)	(33, 0.0)	(34, 0.0)	(35, 0.000633136)	(36, 0.0)	(37, 0.0)	(38, 1.3470999999999999e-05)	(39, 0.0)	(40, 6.73549e-05)	(41, 0.0)	(42, 0.0)	(43, 0.0)	(44, 0.0)	(45, 0.0)	(46, 0.0)	(47, 0.000148181)	(48, 2.6941999999999997e-05)	(49, 0.0)	(50, 1.3470999999999999e-05)	(51, 0.0)	(52, 1.34713e-05)	(53, 0.0)	(54, 0.0)	(55, 0.0)	(56, 0.0)	(57, 0.000404168)	(58, 0.0)	(59, 0.0)	(60, 0.0)	(61, 0.0)	(62, 1.3473399999999999e-05)	(63, 1.34737e-05)	(64, 1.34739e-05)	(65, 2.6948299999999997e-05)	(66, 4.04232e-05)	(67, 1.3474700000000002e-05)	(68, 0.0)	(69, 1.34752e-05)	(70, 1.34754e-05)	(71, 0.00152275)	(72, 1.3476e-05)	(73, 1.34762e-05)	(74, 0.000202148)	(75, 0.00035039699999999996)	(76, 0.0)	(77, 0.0)	(78, 0.0)	(79, 0.0720138)	(80, 0.0)	(81, 0.0)	(82, 0.0)	(83, 0.0)	(84, 0.0)	(85, 0.0)	(86, 0.0)	(87, 0.0)	(88, 0.0)	(89, 0.0)	(90, 0.0)	(91, 0.0)	(92, 0.0)	(93, 0.00420724)	(94, 0.00029668)	(95, 0.0)	(96, 0.0)	(97, 0.0)	(98, 1.3488400000000001e-05)	(99, 0.0)	(100, 0.0)	(101, 0.0)	(102, 0.0)	(103, 2.6986000000000002e-05)	(104, 0.0)	(105, 0.0)	(106, 2.6992799999999997e-05)	(107, 5.3990400000000004e-05)	(108, 0.00029697699999999997)	(109, 1.35004e-05)	(110, 0.0)	(111, 1.3503399999999998e-05)	(112, 0.0007292710000000001)	(113, 5.4027700000000005e-05)	(114, 4.05261e-05)	(115, 5.4042399999999996e-05)	(116, 0.000175663)	(117, 2.70293e-05)	(118, 1.3516900000000001e-05)	(119, 1.35191e-05)	(120, 0.0983282)	(121, 0.00137945)	(122, 0.00029759000000000003)	(123, 5.41194e-05)	(124, 5.4132e-05)	(125, 1.35363e-05)	(126, 0.0035745399999999997)	(127, 0.0)	(128, 0.0)	(129, 0.0007725200000000001)	(130, 0.0989038)	(131, 0.0)	(132, 0.0)	(133, 0.0)	(134, 0.0)	(135, 0.0)	(136, 0.0)	(137, 0.0)	(138, 2.72331e-05)	(139, 0.0)	(140, 2.72837e-05)	(141, 1.36581e-05)	(142, 0.00240755)	(143, 0.0055087899999999995)	(144, 0.0)	(145, 0.000426563)	(146, 0.0005664789999999999)	(147, 0.0)	(148, 0.0)	(149, 0.0)	(150, 0.0)
M145_2_3	(1, 0.0)	(2, 0.078356)	(3, 4.51186e-05)	(4, 4.51186e-05)	(5, 0.0)	(6, 0.0)	(7, 0.0038050000000000002)	(8, 0.00141372)	(9, 0.0)	(10, 6.0158099999999996e-05)	(11, 0.00148891)	(12, 0.0)	(13, 0.0)	(14, 0.0)	(15, 0.017596300000000002)	(16, 0.0)	(17, 0.0)	(18, 0.0)	(19, 0.0)	(20, 0.0)	(21, 0.0)	(22, 3.00791e-05)	(23, 0.0)	(24, 0.0)	(25, 0.0)	(26, 0.0)	(27, 0.0)	(28, 0.0)	(29, 0.0)	(30, 0.0)	(31, 0.00103773)	(32, 0.0)	(33, 0.0)	(34, 0.0)	(35, 0.000586542)	(36, 0.0)	(37, 0.0)	(38, 0.0)	(39, 1.5039499999999999e-05)	(40, 0.000135356)	(41, 0.0)	(42, 0.0)	(43, 0.0)	(44, 0.0)	(45, 0.0)	(46, 1.5039499999999999e-05)	(47, 0.00012031599999999999)	(48, 0.0)	(49, 0.0)	(50, 0.0)	(51, 0.0)	(52, 0.0)	(53, 0.0)	(54, 0.0)	(55, 1.50408e-05)	(56, 0.0)	(57, 0.000315869)	(58, 0.0)	(59, 0.0)	(60, 0.0)	(61, 0.0)	(62, 0.0)	(63, 0.0)	(64, 0.0)	(65, 0.0)	(66, 0.0)	(67, 1.50444e-05)	(68, 0.0)	(69, 0.0)	(70, 0.0)	(71, 0.00132402)	(72, 0.0)	(73, 1.5046299999999999e-05)	(74, 0.000195606)	(75, 0.00043636)	(76, 0.0)	(77, 0.0)	(78, 0.0)	(79, 0.07015640000000001)	(80, 0.0)	(81, 0.0)	(82, 0.0)	(83, 0.0)	(84, 1.5050899999999998e-05)	(85, 0.0)	(86, 1.50521e-05)	(87, 0.0)	(88, 0.0)	(89, 1.50539e-05)	(90, 3.01089e-05)	(91, 0.0)	(92, 0.0)	(93, 0.0043814299999999995)	(94, 0.000436659)	(95, 0.0)	(96, 1.50586e-05)	(97, 0.0)	(98, 7.53018e-05)	(99, 0.0)	(100, 0.0)	(101, 0.0)	(102, 0.0)	(103, 1.50656e-05)	(104, 0.0)	(105, 0.0)	(106, 0.0)	(107, 9.0425e-05)	(108, 0.000391877)	(109, 0.0)	(110, 1.50753e-05)	(111, 0.0)	(112, 0.0009650460000000001)	(113, 6.03227e-05)	(114, 3.0165299999999997e-05)	(115, 9.05082e-05)	(116, 0.00016595599999999998)	(117, 7.544580000000001e-05)	(118, 1.50915e-05)	(119, 4.52823e-05)	(120, 0.0994281)	(121, 0.00155528)	(122, 0.000286951)	(123, 7.5529e-05)	(124, 1.51091e-05)	(125, 0.000105789)	(126, 0.00337102)	(127, 0.0)	(128, 0.0)	(129, 0.000968404)	(130, 0.10105299999999999)	(131, 0.0)	(132, 3.0297400000000002e-05)	(133, 0.0)	(134, 0.0)	(135, 1.51709e-05)	(136, 0.0)	(137, 1.51902e-05)	(138, 0.0)	(139, 0.0)	(140, 4.56892e-05)	(141, 0.0)	(142, 0.00247334)	(143, 0.00555118)	(144, 0.0)	(145, 0.000522277)	(146, 0.00047840500000000005)	(147, 0.0)	(148, 0.0)	(149, 0.0)	(150, 0.0)
M145_2_4	(1, 0.0)	(2, 0.0779612)	(3, 2.7008899999999998e-05)	(4, 1.3504500000000001e-05)	(5, 0.0)	(6, 1.3504500000000001e-05)	(7, 0.0035111599999999997)	(8, 0.000985825)	(9, 0.0)	(10, 6.75223e-05)	(11, 0.001526)	(12, 0.0)	(13, 0.0)	(14, 0.0)	(15, 0.0167455)	(16, 0.0)	(17, 0.0)	(18, 0.0)	(19, 0.0)	(20, 0.0)	(21, 0.0)	(22, 1.3504500000000001e-05)	(23, 0.0)	(24, 0.0)	(25, 0.0)	(26, 1.3504500000000001e-05)	(27, 0.0)	(28, 0.0)	(29, 0.0)	(30, 0.0)	(31, 0.0010263400000000002)	(32, 0.0)	(33, 0.0)	(34, 0.0)	(35, 0.00072924)	(36, 0.0)	(37, 0.0)	(38, 0.0)	(39, 0.0)	(40, 6.75223e-05)	(41, 0.0)	(42, 0.0)	(43, 0.0)	(44, 0.0)	(45, 0.0)	(46, 0.0)	(47, 0.00010803600000000001)	(48, 5.4017799999999996e-05)	(49, 0.0)	(50, 0.0)	(51, 0.0)	(52, 0.0)	(53, 0.0)	(54, 0.0)	(55, 0.0)	(56, 0.0)	(57, 0.00041867799999999996)	(58, 0.0)	(59, 0.0)	(60, 0.0)	(61, 0.0)	(62, 0.0)	(63, 0.0)	(64, 1.35075e-05)	(65, 1.3507799999999998e-05)	(66, 0.0)	(67, 0.0)	(68, 2.70176e-05)	(69, 0.0)	(70, 1.35094e-05)	(71, 0.00121587)	(72, 0.0)	(73, 0.0)	(74, 0.000229682)	(75, 0.00025671)	(76, 0.0)	(77, 0.0)	(78, 0.0)	(79, 0.0685087)	(80, 0.0)	(81, 0.0)	(82, 0.0)	(83, 0.0)	(84, 2.70301e-05)	(85, 0.0)	(86, 0.0)	(87, 0.0)	(88, 0.0)	(89, 1.3518e-05)	(90, 1.35187e-05)	(91, 0.0)	(92, 0.0)	(93, 0.00355596)	(94, 0.000229865)	(95, 0.0)	(96, 0.0)	(97, 0.0)	(98, 4.0573999999999995e-05)	(99, 0.0)	(100, 0.0)	(101, 0.0)	(102, 1.3528899999999998e-05)	(103, 0.0)	(104, 1.3531399999999999e-05)	(105, 1.35327e-05)	(106, 0.0)	(107, 2.7071000000000002e-05)	(108, 0.000257202)	(109, 0.0)	(110, 1.3540300000000001e-05)	(111, 2.7084099999999997e-05)	(112, 0.000487581)	(113, 2.70917e-05)	(114, 9.48362e-05)	(115, 9.485179999999999e-05)	(116, 0.000135526)	(117, 4.06655e-05)	(118, 0.0)	(119, 0.0)	(120, 0.09463260000000001)	(121, 0.00103107)	(122, 0.00016283900000000002)	(123, 8.14394e-05)	(124, 9.50383e-05)	(125, 8.14844e-05)	(126, 0.0028935799999999998)	(127, 0.0)	(128, 0.0)	(129, 0.000897586)	(130, 0.0940266)	(131, 0.0)	(132, 4.08526e-05)	(133, 0.0)	(134, 0.0)	(135, 0.0)	(136, 0.0)	(137, 0.0)	(138, 1.3669799999999999e-05)	(139, 2.7365200000000004e-05)	(140, 4.1090299999999995e-05)	(141, 0.0)	(142, 0.00229312)	(143, 0.0043875599999999996)	(144, 0.0)	(145, 0.00040079199999999997)	(146, 0.00045800299999999996)	(147, 0.0)	(148, 0.0)	(149, 0.0)	(150, 0.0)
M145_3_2	(1, 0.0)	(2, 0.07567360000000001)	(3, 3.87871e-05)	(4, 1.2929e-05)	(5, 0.0)	(6, 2.58581e-05)	(7, 0.00327104)	(8, 0.00118947)	(9, 2.58581e-05)	(10, 2.58581e-05)	(11, 0.00143512)	(12, 0.0)	(13, 0.0)	(14, 0.0)	(15, 0.0170017)	(16, 0.0)	(17, 0.0)	(18, 0.0)	(19, 0.0)	(20, 0.0)	(21, 0.0)	(22, 1.2929e-05)	(23, 0.0)	(24, 0.0)	(25, 0.0)	(26, 1.2929e-05)	(27, 0.0)	(28, 0.0)	(29, 0.0)	(30, 1.2929e-05)	(31, 0.00107311)	(32, 0.0)	(33, 0.0)	(34, 0.0)	(35, 0.000646451)	(36, 0.0)	(37, 0.0)	(38, 0.0)	(39, 0.0)	(40, 7.75742e-05)	(41, 0.0)	(42, 0.0)	(43, 0.0)	(44, 0.0)	(45, 0.0)	(46, 0.0)	(47, 0.000103432)	(48, 5.17161e-05)	(49, 0.0)	(50, 0.0)	(51, 0.0)	(52, 0.0)	(53, 1.2929499999999999e-05)	(54, 0.0)	(55, 0.0)	(56, 0.0)	(57, 0.00046549199999999997)	(58, 0.0)	(59, 1.2930700000000001e-05)	(60, 0.0)	(61, 0.0)	(62, 0.0)	(63, 0.0)	(64, 0.0)	(65, 0.0)	(66, 0.0)	(67, 0.0)	(68, 3.87991e-05)	(69, 0.0)	(70, 0.0)	(71, 0.0015520599999999999)	(72, 1.2934099999999999e-05)	(73, 3.88031e-05)	(74, 0.000181085)	(75, 0.00043978999999999996)	(76, 0.0)	(77, 0.0)	(78, 0.0)	(79, 0.0734654)	(80, 0.0)	(81, 0.0)	(82, 0.0)	(83, 0.0)	(84, 0.0)	(85, 0.0)	(86, 0.0)	(87, 0.0)	(88, 0.0)	(89, 0.0)	(90, 1.2940999999999999e-05)	(91, 1.29415e-05)	(92, 1.2942100000000001e-05)	(93, 0.0040510799999999994)	(94, 0.000375357)	(95, 0.0)	(96, 0.0)	(97, 0.0)	(98, 7.76775e-05)	(99, 0.0)	(100, 1.2947999999999999e-05)	(101, 0.0)	(102, 0.0)	(103, 2.59016e-05)	(104, 1.29519e-05)	(105, 0.0)	(106, 0.0)	(107, 1.29553e-05)	(108, 0.000310955)	(109, 2.5915500000000003e-05)	(110, 3.88776e-05)	(111, 2.59213e-05)	(112, 0.0007258809999999999)	(113, 1.2963700000000001e-05)	(114, 2.59307e-05)	(115, 7.78027e-05)	(116, 9.078209999999999e-05)	(117, 3.8912300000000004e-05)	(118, 2.59454e-05)	(119, 1.2975e-05)	(120, 0.102404)	(121, 0.00138883)	(122, 0.000246661)	(123, 5.19394e-05)	(124, 6.49384e-05)	(125, 0.00011691599999999999)	(126, 0.0034304599999999998)	(127, 0.0)	(128, 0.0)	(129, 0.000858388)	(130, 0.09973670000000001)	(131, 0.0)	(132, 6.5101e-05)	(133, 0.0)	(134, 0.0)	(135, 0.0)	(136, 0.0)	(137, 1.30548e-05)	(138, 2.61285e-05)	(139, 1.30751e-05)	(140, 7.85291e-05)	(141, 0.0)	(142, 0.00237532)	(143, 0.00557409)	(144, 0.0)	(145, 0.00040919800000000005)	(146, 0.000675935)	(147, 0.0)	(148, 0.0)	(149, 0.0)	(150, 0.0)
M145_3_3	(1, 0.0)	(2, 0.0782068)	(3, 4.30023e-05)	(4, 2.86682e-05)	(5, 0.0)	(6, 0.0)	(7, 0.00369819)	(8, 0.00131874)	(9, 0.0)	(10, 2.86682e-05)	(11, 0.00143341)	(12, 0.0)	(13, 0.0)	(14, 0.0)	(15, 0.0163695)	(16, 0.0)	(17, 0.0)	(18, 0.0)	(19, 1.43341e-05)	(20, 0.0)	(21, 0.0)	(22, 1.43341e-05)	(23, 0.0)	(24, 0.0)	(25, 0.0)	(26, 0.0)	(27, 0.0)	(28, 0.0)	(29, 0.0)	(30, 0.0)	(31, 0.000903047)	(32, 0.0)	(33, 0.0)	(34, 0.0)	(35, 0.000573363)	(36, 0.0)	(37, 0.0)	(38, 0.0)	(39, 0.0)	(40, 0.00010033899999999999)	(41, 0.0)	(42, 0.0)	(43, 0.0)	(44, 0.0)	(45, 0.0)	(46, 0.0)	(47, 8.600449999999999e-05)	(48, 4.30023e-05)	(49, 0.0)	(50, 1.43341e-05)	(51, 1.43343e-05)	(52, 0.0)	(53, 0.0)	(54, 0.0)	(55, 0.0)	(56, 0.0)	(57, 0.000243709)	(58, 0.0)	(59, 0.0)	(60, 0.0)	(61, 0.0)	(62, 0.0)	(63, 0.0)	(64, 0.0)	(65, 0.0)	(66, 2.8676800000000003e-05)	(67, 0.0)	(68, 0.0)	(69, 0.0)	(70, 0.0)	(71, 0.00154872)	(72, 4.3021e-05)	(73, 4.3022e-05)	(74, 0.000301161)	(75, 0.000243803)	(76, 0.0)	(77, 0.0)	(78, 0.0)	(79, 0.0747691)	(80, 0.0)	(81, 0.0)	(82, 0.0)	(83, 0.0)	(84, 1.4345e-05)	(85, 0.0)	(86, 0.0)	(87, 0.0)	(88, 0.0)	(89, 0.0)	(90, 1.43483e-05)	(91, 0.0)	(92, 0.0)	(93, 0.00417592)	(94, 0.000358773)	(95, 0.0)	(96, 0.0)	(97, 0.0)	(98, 2.8707900000000003e-05)	(99, 0.0)	(100, 0.0)	(101, 0.0)	(102, 0.0)	(103, 0.0)	(104, 1.4360099999999998e-05)	(105, 0.0)	(106, 1.4362399999999998e-05)	(107, 1.4363700000000001e-05)	(108, 0.000359123)	(109, 2.87325e-05)	(110, 0.0)	(111, 4.31077e-05)	(112, 0.0009772140000000001)	(113, 0.000143723)	(114, 5.74961e-05)	(115, 0.000129383)	(116, 0.00018691)	(117, 2.87596e-05)	(118, 2.87638e-05)	(119, 1.43841e-05)	(120, 0.0988638)	(121, 0.00175546)	(122, 0.000331006)	(123, 5.75776e-05)	(124, 5.75895e-05)	(125, 5.76025e-05)	(126, 0.0032265099999999997)	(127, 0.0)	(128, 0.0)	(129, 0.000922627)	(130, 0.099028)	(131, 0.0)	(132, 2.88626e-05)	(133, 0.0)	(134, 0.0)	(135, 1.4450500000000002e-05)	(136, 0.0)	(137, 0.0)	(138, 0.0)	(139, 0.0)	(140, 4.3504499999999997e-05)	(141, 0.0)	(142, 0.0023983)	(143, 0.00499309)	(144, 0.0)	(145, 0.000277731)	(146, 0.0005284339999999999)	(147, 0.0)	(148, 0.0)	(149, 0.0)	(150, 0.0)
M145_3_4	(1, 0.0)	(2, 0.07793560000000001)	(3, 1.4644100000000001e-05)	(4, 1.4644100000000001e-05)	(5, 0.0)	(6, 0.0)	(7, 0.00371959)	(8, 0.00128868)	(9, 0.0)	(10, 2.92881e-05)	(11, 0.0013911799999999999)	(12, 0.0)	(13, 0.0)	(14, 0.0)	(15, 0.017382500000000002)	(16, 0.0)	(17, 0.0)	(18, 0.0)	(19, 0.0)	(20, 0.0)	(21, 0.0)	(22, 7.32203e-05)	(23, 0.0)	(24, 0.0)	(25, 0.0)	(26, 0.0)	(27, 0.0)	(28, 0.0)	(29, 0.0)	(30, 0.0)	(31, 0.000922575)	(32, 0.0)	(33, 0.0)	(34, 0.0)	(35, 0.00041003299999999997)	(36, 0.0)	(37, 0.0)	(38, 0.0)	(39, 0.0)	(40, 1.4644100000000001e-05)	(41, 0.0)	(42, 0.0)	(43, 0.0)	(44, 0.0)	(45, 0.0)	(46, 0.0)	(47, 4.39322e-05)	(48, 2.92881e-05)	(49, 0.0)	(50, 0.0)	(51, 0.0)	(52, 0.0)	(53, 0.0)	(54, 0.0)	(55, 0.0)	(56, 0.0)	(57, 0.00043938399999999997)	(58, 1.4646500000000001e-05)	(59, 0.0)	(60, 0.0)	(61, 0.0)	(62, 0.0)	(63, 0.0)	(64, 0.0)	(65, 0.0)	(66, 2.92987e-05)	(67, 0.0)	(68, 2.9300199999999998e-05)	(69, 0.0)	(70, 1.46508e-05)	(71, 0.00126)	(72, 1.4651500000000002e-05)	(73, 0.0)	(74, 0.00026374099999999995)	(75, 0.00023444400000000002)	(76, 0.0)	(77, 0.0)	(78, 0.0)	(79, 0.0739465)	(80, 0.0)	(81, 0.0)	(82, 0.0)	(83, 0.0)	(84, 2.9313799999999997e-05)	(85, 0.0)	(86, 0.0)	(87, 0.0)	(88, 0.0)	(89, 1.46598e-05)	(90, 5.8642000000000005e-05)	(91, 0.0)	(92, 0.0)	(93, 0.00409087)	(94, 0.000395913)	(95, 0.0)	(96, 0.0)	(97, 0.0)	(98, 2.93342e-05)	(99, 0.0)	(100, 0.0)	(101, 0.0)	(102, 0.0)	(103, 1.46726e-05)	(104, 1.4674e-05)	(105, 0.0)	(106, 0.0)	(107, 2.9356300000000002e-05)	(108, 0.00020551500000000003)	(109, 1.4681200000000001e-05)	(110, 5.8732e-05)	(111, 4.40542e-05)	(112, 0.0008224459999999999)	(113, 8.813009999999999e-05)	(114, 4.40712e-05)	(115, 4.4077100000000005e-05)	(116, 0.000102861)	(117, 4.40903e-05)	(118, 2.93982e-05)	(119, 0.0)	(120, 0.103989)	(121, 0.00154423)	(122, 0.000308908)	(123, 0.000117704)	(124, 2.94326e-05)	(125, 8.83178e-05)	(126, 0.00338638)	(127, 0.0)	(128, 0.0)	(129, 0.0009136759999999999)	(130, 0.101997)	(131, 1.4747399999999999e-05)	(132, 0.0)	(133, 0.0)	(134, 0.0)	(135, 2.9547700000000002e-05)	(136, 0.0)	(137, 0.0)	(138, 0.0)	(139, 1.48144e-05)	(140, 7.41393e-05)	(141, 0.0)	(142, 0.00215514)	(143, 0.00507617)	(144, 0.0)	(145, 0.000732509)	(146, 0.000495412)	(147, 0.0)	(148, 0.0)	(149, 0.0)	(150, 0.0)
