Sample	0	1	2	3	4	5	6	7	8	9	10	11	12	13	14	15	16	17	18	19	20	21	22	23	24	25	26	27	28	29	30	31	32	33	34	35	36	37	38	39	40	41	42	43	44	45	46	47	48	49	50	51	52	53	54	55	56	57	58	59	60	61	62	63	64	65	66	67	68	69	70	71	72	73	74	75	76	77	78	79	80	81	82	83	84	85	86	87	88	89	90	91	92	93	94	95	96	97	98	99	100	101	102	103	104	105	106	107	108	109	110	111	112	113	114	115	116	117	118	119	120	121	122	123	124	125	126	127	128	129	130	131	132	133	134	135	136	137	138	139	140	141	142	143	144	145	146	147	148	149
M145_1_1	(1, 0.0)	(2, 0.28440000000000004)	(3, 0.0)	(4, 0.0)	(5, 0.0)	(6, 0.0)	(7, 0.00102819)	(8, 0.000253526)	(9, 0.0)	(10, 0.0)	(11, 2.8169500000000002e-05)	(12, 0.0)	(13, 0.0)	(14, 0.0)	(15, 0.000746493)	(16, 0.0)	(17, 0.0)	(18, 0.0)	(19, 0.0)	(20, 0.0)	(21, 2.8169500000000002e-05)	(22, 2.8169500000000002e-05)	(23, 2.8169500000000002e-05)	(24, 0.00011267800000000001)	(25, 0.0)	(26, 1.40848e-05)	(27, 2.8169500000000002e-05)	(28, 0.081086)	(29, 7.04239e-05)	(30, 4.22543e-05)	(31, 8.45086e-05)	(32, 9.859340000000001e-05)	(33, 0.0)	(34, 0.0)	(35, 1.40848e-05)	(36, 0.16245400000000002)	(37, 0.000126763)	(38, 0.0)	(39, 0.0)	(40, 1.40848e-05)	(41, 1.40848e-05)	(42, 1.40848e-05)	(43, 4.22543e-05)	(44, 0.00232399)	(45, 8.45086e-05)	(46, 1.40848e-05)	(47, 0.0)	(48, 0.0)	(49, 0.159665)	(50, 5.6339100000000004e-05)	(51, 0.0020423200000000002)	(52, 7.042579999999999e-05)	(53, 0.00015494)	(54, 0.0)	(55, 0.0)	(56, 0.0)	(57, 0.0799255)	(58, 0.0)	(59, 0.00140868)	(60, 0.0)	(61, 0.0)	(62, 0.0)	(63, 1.40879e-05)	(64, 4.22645e-05)	(65, 2.81768e-05)	(66, 0.0)	(67, 5.6355600000000006e-05)	(68, 8.4535e-05)	(69, 0.000140894)	(70, 0.000197256)	(71, 0.0)	(72, 4.22714e-05)	(73, 8.45458e-05)	(74, 0.150848)	(75, 0.0726429)	(76, 0.000267749)	(77, 0.0)	(78, 0.0)	(79, 0.0)	(80, 0.280672)	(81, 0.0)	(82, 0.0)	(83, 0.0)	(84, 0.0)	(85, 0.0)	(86, 0.0)	(87, 0.0)	(88, 0.0)	(89, 0.0006202860000000001)	(90, 0.000211469)	(91, 0.0)	(92, 0.0)	(93, 0.0)	(94, 0.0)	(95, 0.0)	(96, 0.0)	(97, 8.46154e-05)	(98, 0.0)	(99, 0.0)	(100, 0.0)	(101, 0.0)	(102, 0.0)	(103, 0.0)	(104, 0.0)	(105, 0.00255398)	(106, 0.0)	(107, 0.0)	(108, 0.0)	(109, 0.0)	(110, 0.0)	(111, 0.0)	(112, 0.0006919259999999999)	(113, 0.000635528)	(114, 0.0)	(115, 0.0)	(116, 0.0)	(117, 0.0)	(118, 0.0)	(119, 0.0)	(120, 0.0)	(121, 0.0)	(122, 0.0)	(123, 0.0)	(124, 0.0)	(125, 0.0)	(126, 4.2483999999999995e-05)	(127, 0.0)	(128, 0.00545597)	(129, 0.0)	(130, 0.0)	(131, 0.0)	(132, 0.0)	(133, 0.0)	(134, 0.0)	(135, 0.0)	(136, 0.0)	(137, 0.0)	(138, 0.0)	(139, 0.0)	(140, 0.0)	(141, 0.0)	(142, 0.0)	(143, 0.000143716)	(144, 0.0)	(145, 0.00011565499999999999)	(146, 0.0)	(147, 8.769169999999999e-05)	(148, 0.0)	(149, 4.38775e-05)	(150, 0.0)
M145_1_2	(1, 0.0)	(2, 0.289368)	(3, 0.0)	(4, 0.0)	(5, 0.0)	(6, 0.0)	(7, 0.0009780960000000001)	(8, 0.000459409)	(9, 0.0)	(10, 0.0)	(11, 4.44589e-05)	(12, 0.0)	(13, 0.0)	(14, 0.0)	(15, 0.000681703)	(16, 0.0)	(17, 2.96393e-05)	(18, 1.4819600000000001e-05)	(19, 1.4819600000000001e-05)	(20, 1.4819600000000001e-05)	(21, 0.0)	(22, 4.44589e-05)	(23, 0.000103737)	(24, 5.92785e-05)	(25, 0.0)	(26, 0.0)	(27, 2.96393e-05)	(28, 0.0820119)	(29, 1.4819600000000001e-05)	(30, 1.4819600000000001e-05)	(31, 8.89178e-05)	(32, 0.000311212)	(33, 0.0)	(34, 0.0)	(35, 0.0)	(36, 0.164276)	(37, 0.000266753)	(38, 0.0)	(39, 0.0)	(40, 1.4819600000000001e-05)	(41, 2.96393e-05)	(42, 0.0)	(43, 8.89178e-05)	(44, 0.0022674)	(45, 0.000133377)	(46, 0.0)	(47, 0.0)	(48, 0.0)	(49, 0.160408)	(50, 1.4819600000000001e-05)	(51, 0.0019414)	(52, 0.00025194)	(53, 2.96404e-05)	(54, 0.0)	(55, 0.0)	(56, 0.0)	(57, 0.0793226)	(58, 0.0)	(59, 0.00151181)	(60, 0.0)	(61, 1.4822099999999998e-05)	(62, 0.0)	(63, 0.0)	(64, 4.4468900000000004e-05)	(65, 0.0)	(66, 2.9647e-05)	(67, 1.48238e-05)	(68, 5.9296099999999996e-05)	(69, 0.00010377)	(70, 0.000103772)	(71, 0.00011859900000000001)	(72, 1.48252e-05)	(73, 8.89545e-05)	(74, 0.14388700000000001)	(75, 0.0741468)	(76, 0.00019274800000000002)	(77, 0.0)	(78, 0.0)	(79, 0.0)	(80, 0.282716)	(81, 0.0)	(82, 0.0)	(83, 0.0)	(84, 0.0)	(85, 0.0)	(86, 0.0)	(87, 0.0)	(88, 0.0)	(89, 0.000548803)	(90, 0.000237329)	(91, 0.0)	(92, 0.0)	(93, 0.0)	(94, 0.0)	(95, 0.0)	(96, 0.0)	(97, 8.90293e-05)	(98, 0.0)	(99, 0.0)	(100, 0.0)	(101, 0.0)	(102, 0.0)	(103, 0.0)	(104, 0.0)	(105, 0.00222703)	(106, 0.0)	(107, 0.0)	(108, 0.0)	(109, 0.0)	(110, 0.0)	(111, 0.0)	(112, 0.000787492)	(113, 0.000638998)	(114, 0.0)	(115, 0.0)	(116, 0.0)	(117, 0.0)	(118, 0.0)	(119, 0.0)	(120, 0.0)	(121, 0.0)	(122, 0.0)	(123, 1.48888e-05)	(124, 0.0)	(125, 0.0)	(126, 8.941110000000001e-05)	(127, 0.0)	(128, 0.00553269)	(129, 0.0)	(130, 0.0)	(131, 0.0)	(132, 0.0)	(133, 0.0)	(134, 0.0)	(135, 0.0)	(136, 0.0)	(137, 0.0)	(138, 0.0)	(139, 0.0)	(140, 0.0)	(141, 0.0)	(142, 0.0)	(143, 0.00013612299999999998)	(144, 0.0)	(145, 0.000167348)	(146, 0.0)	(147, 0.000169147)	(148, 0.0)	(149, 4.6168199999999996e-05)	(150, 0.0)
M145_1_3	(1, 0.0)	(2, 0.208502)	(3, 0.0)	(4, 0.0)	(5, 0.0)	(6, 0.0)	(7, 0.000284528)	(8, 0.00112673)	(9, 2.27623e-05)	(10, 1.13811e-05)	(11, 2.27623e-05)	(12, 5.6905600000000006e-05)	(13, 6.82868e-05)	(14, 0.000773917)	(15, 0.0)	(16, 0.0)	(17, 0.249838)	(18, 0.0)	(19, 0.0)	(20, 0.0)	(21, 0.0)	(22, 0.0)	(23, 0.0)	(24, 0.0)	(25, 1.13811e-05)	(26, 1.13811e-05)	(27, 0.0)	(28, 0.0)	(29, 2.27623e-05)	(30, 0.0)	(31, 0.0)	(32, 0.0)	(33, 1.13811e-05)	(34, 0.0)	(35, 0.0)	(36, 1.13811e-05)	(37, 0.0)	(38, 1.13811e-05)	(39, 5.6905600000000006e-05)	(40, 4.55245e-05)	(41, 0.0)	(42, 0.0)	(43, 0.0)	(44, 0.0857909)	(45, 0.0)	(46, 0.0)	(47, 0.0)	(48, 0.0)	(49, 0.0)	(50, 0.0)	(51, 0.000500777)	(52, 0.0)	(53, 0.0)	(54, 2.27636e-05)	(55, 0.0)	(56, 0.0)	(57, 1.13823e-05)	(58, 3.41475e-05)	(59, 7.9679e-05)	(60, 0.000705742)	(61, 0.0)	(62, 0.0)	(63, 0.0771923)	(64, 0.0)	(65, 0.0)	(66, 0.0)	(67, 0.0)	(68, 0.0)	(69, 0.0)	(70, 0.0)	(71, 0.0)	(72, 0.0)	(73, 0.0)	(74, 0.0)	(75, 0.0)	(76, 0.0)	(77, 0.0)	(78, 0.0)	(79, 0.0)	(80, 0.0)	(81, 0.0)	(82, 1.1388899999999999e-05)	(83, 0.0)	(84, 2.27793e-05)	(85, 0.0)	(86, 0.0)	(87, 3.4172400000000005e-05)	(88, 2.27824e-05)	(89, 0.00322384)	(90, 0.000113922)	(91, 0.00011392700000000001)	(92, 0.0)	(93, 0.0)	(94, 0.0)	(95, 0.129741)	(96, 0.0)	(97, 1.13961e-05)	(98, 2.27935e-05)	(99, 0.0)	(100, 0.00023936299999999998)	(101, 0.0)	(102, 0.0)	(103, 0.0)	(104, 0.0)	(105, 0.00441292)	(106, 0.0)	(107, 0.0)	(108, 0.0)	(109, 0.00021674000000000002)	(110, 0.0)	(111, 0.0)	(112, 0.0)	(113, 0.0007989140000000001)	(114, 0.0)	(115, 0.0)	(116, 0.0)	(117, 0.0)	(118, 0.0)	(119, 0.0)	(120, 2.2854200000000002e-05)	(121, 0.0)	(122, 0.0)	(123, 1.14351e-05)	(124, 1.14383e-05)	(125, 4.5766199999999996e-05)	(126, 0.000778281)	(127, 1.14493e-05)	(128, 0.0007215710000000001)	(129, 0.0)	(130, 0.0503464)	(131, 1.14687e-05)	(132, 0.0)	(133, 0.0)	(134, 0.0)	(135, 0.0)	(136, 0.0)	(137, 0.0)	(138, 0.0)	(139, 0.0)	(140, 0.0)	(141, 0.0)	(142, 0.0)	(143, 0.0)	(144, 0.00104835)	(145, 0.000432426)	(146, 0.0)	(147, 0.0)	(148, 0.0)	(149, 0.0)	(150, 0.0)
M145_2_1	(1, 0.0)	(2, 0.207588)	(3, 0.0)	(4, 0.0)	(5, 0.0)	(6, 0.0)	(7, 0.00044454300000000004)	(8, 0.0013201600000000001)	(9, 0.0)	(10, 0.0)	(11, 2.6941999999999997e-05)	(12, 6.73549e-05)	(13, 2.6941999999999997e-05)	(14, 0.00068702)	(15, 0.0)	(16, 0.0)	(17, 0.255262)	(18, 0.0)	(19, 0.0)	(20, 0.0)	(21, 0.0)	(22, 0.0)	(23, 0.0)	(24, 0.0)	(25, 0.0)	(26, 0.0)	(27, 0.0)	(28, 0.0)	(29, 2.6941999999999997e-05)	(30, 0.0)	(31, 0.0)	(32, 0.0)	(33, 0.0)	(34, 0.0)	(35, 2.6941999999999997e-05)	(36, 0.0)	(37, 1.3470999999999999e-05)	(38, 2.6941999999999997e-05)	(39, 2.6941999999999997e-05)	(40, 5.388390000000001e-05)	(41, 0.0)	(42, 0.0)	(43, 0.0)	(44, 0.0901209)	(45, 0.0)	(46, 0.0)	(47, 0.0)	(48, 0.0)	(49, 0.0)	(50, 0.0)	(51, 0.000269422)	(52, 0.0)	(53, 0.0)	(54, 0.0)	(55, 0.0)	(56, 0.0)	(57, 2.6944400000000002e-05)	(58, 2.6944800000000003e-05)	(59, 2.69452e-05)	(60, 0.000875735)	(61, 0.0)	(62, 0.0)	(63, 0.0775134)	(64, 0.0)	(65, 0.0)	(66, 0.0)	(67, 0.0)	(68, 0.0)	(69, 0.0)	(70, 0.0)	(71, 0.0)	(72, 0.0)	(73, 0.0)	(74, 0.0)	(75, 0.0)	(76, 0.0)	(77, 0.0)	(78, 0.0)	(79, 0.0)	(80, 0.0)	(81, 0.0)	(82, 0.0)	(83, 1.3479300000000002e-05)	(84, 0.0)	(85, 0.0)	(86, 1.3480499999999999e-05)	(87, 2.6962e-05)	(88, 1.3481500000000001e-05)	(89, 0.00304692)	(90, 4.0447599999999995e-05)	(91, 0.000107864)	(92, 0.0)	(93, 0.0)	(94, 0.0)	(95, 0.128005)	(96, 0.0)	(97, 2.69739e-05)	(98, 1.34877e-05)	(99, 1.3488400000000001e-05)	(100, 0.000472125)	(101, 1.34901e-05)	(102, 0.0)	(103, 0.0)	(104, 0.0)	(105, 0.00426416)	(106, 0.0)	(107, 0.0)	(108, 0.0)	(109, 0.00026998)	(110, 0.0)	(111, 0.0)	(112, 0.0)	(113, 0.000675262)	(114, 0.0)	(115, 0.0)	(116, 0.0)	(117, 0.0)	(118, 0.0)	(119, 0.0)	(120, 1.35201e-05)	(121, 0.0)	(122, 1.35255e-05)	(123, 0.0)	(124, 2.7063900000000004e-05)	(125, 1.3535500000000001e-05)	(126, 0.000717583)	(127, 1.35436e-05)	(128, 0.00065032)	(129, 0.0)	(130, 0.0506266)	(131, 1.3563799999999999e-05)	(132, 0.0)	(133, 0.0)	(134, 0.0)	(135, 0.0)	(136, 0.0)	(137, 0.0)	(138, 0.0)	(139, 0.0)	(140, 0.0)	(141, 0.0)	(142, 0.0)	(143, 0.0)	(144, 0.00104457)	(145, 0.000427292)	(146, 0.0)	(147, 0.0)	(148, 0.0)	(149, 0.0)	(150, 0.0)
M145_2_3	(1, 0.0)	(2, 0.207531)	(3, 0.0)	(4, 0.0)	(5, 0.0)	(6, 0.0)	(7, 0.00022559299999999998)	(8, 0.00103773)	(9, 0.0)	(10, 0.0)	(11, 3.00791e-05)	(12, 3.00791e-05)	(13, 6.0158099999999996e-05)	(14, 0.000812135)	(15, 0.0)	(16, 0.0)	(17, 0.25495)	(18, 0.0)	(19, 0.0)	(20, 0.0)	(21, 0.0)	(22, 0.0)	(23, 0.0)	(24, 0.0)	(25, 0.0)	(26, 0.0)	(27, 0.0)	(28, 0.0)	(29, 0.0)	(30, 0.0)	(31, 0.0)	(32, 0.0)	(33, 0.0)	(34, 0.0)	(35, 0.0)	(36, 0.0)	(37, 1.5039499999999999e-05)	(38, 3.00791e-05)	(39, 9.02372e-05)	(40, 6.0158099999999996e-05)	(41, 0.0)	(42, 0.0)	(43, 0.0)	(44, 0.0898913)	(45, 0.0)	(46, 0.0)	(47, 0.0)	(48, 0.0)	(49, 0.0)	(50, 0.0)	(51, 0.000315835)	(52, 0.0)	(53, 0.0)	(54, 0.0)	(55, 0.0)	(56, 1.5041e-05)	(57, 0.0)	(58, 3.0082999999999996e-05)	(59, 0.00010529200000000001)	(60, 0.000646804)	(61, 0.0)	(62, 0.0)	(63, 0.0780275)	(64, 0.0)	(65, 0.0)	(66, 0.0)	(67, 0.0)	(68, 0.0)	(69, 0.0)	(70, 0.0)	(71, 0.0)	(72, 0.0)	(73, 0.0)	(74, 0.0)	(75, 0.0)	(76, 0.0)	(77, 0.0)	(78, 0.0)	(79, 0.0)	(80, 0.0)	(81, 0.0)	(82, 0.0)	(83, 1.50498e-05)	(84, 0.0)	(85, 0.0)	(86, 1.50514e-05)	(87, 1.5052000000000001e-05)	(88, 4.5157499999999996e-05)	(89, 0.00331166)	(90, 6.02141e-05)	(91, 0.00015054199999999998)	(92, 0.0)	(93, 0.0)	(94, 0.0)	(95, 0.125575)	(96, 0.0)	(97, 1.50585e-05)	(98, 1.50593e-05)	(99, 1.5060100000000002e-05)	(100, 0.000391586)	(101, 0.0)	(102, 0.0)	(103, 0.0)	(104, 0.0)	(105, 0.00462543)	(106, 0.0)	(107, 0.0)	(108, 0.0)	(109, 0.00019593399999999998)	(110, 0.0)	(111, 0.0)	(112, 0.0)	(113, 0.0008444049999999999)	(114, 0.0)	(115, 0.0)	(116, 0.0)	(117, 0.0)	(118, 0.0)	(119, 0.0)	(120, 7.54765e-05)	(121, 1.50984e-05)	(122, 1.5101600000000001e-05)	(123, 0.0)	(124, 1.5108400000000001e-05)	(125, 1.5112099999999999e-05)	(126, 0.000952329)	(127, 0.0)	(128, 0.00055967)	(129, 0.0)	(130, 0.0494546)	(131, 3.0288200000000003e-05)	(132, 0.0)	(133, 0.0)	(134, 0.0)	(135, 0.0)	(136, 0.0)	(137, 0.0)	(138, 1.5212e-05)	(139, 0.0)	(140, 0.0)	(141, 0.0)	(142, 0.0)	(143, 0.0)	(144, 0.000921342)	(145, 0.000369643)	(146, 0.0)	(147, 0.0)	(148, 0.0)	(149, 0.0)	(150, 0.0)
M145_2_4	(1, 0.0)	(2, 0.209481)	(3, 0.0)	(4, 0.0)	(5, 0.0)	(6, 0.0)	(7, 0.000459151)	(8, 0.000810267)	(9, 2.7008899999999998e-05)	(10, 2.7008899999999998e-05)	(11, 2.7008899999999998e-05)	(12, 4.05134e-05)	(13, 5.4017799999999996e-05)	(14, 0.000985825)	(15, 0.0)	(16, 0.0)	(17, 0.244161)	(18, 0.0)	(19, 0.0)	(20, 0.0)	(21, 0.0)	(22, 0.0)	(23, 0.0)	(24, 0.0)	(25, 0.0)	(26, 0.0)	(27, 0.0)	(28, 0.0)	(29, 1.3504500000000001e-05)	(30, 0.0)	(31, 0.0)	(32, 0.0)	(33, 0.0)	(34, 0.0)	(35, 0.0)	(36, 0.0)	(37, 1.3504500000000001e-05)	(38, 1.3504500000000001e-05)	(39, 4.05134e-05)	(40, 4.05134e-05)	(41, 0.0)	(42, 0.0)	(43, 0.0)	(44, 0.0857803)	(45, 0.0)	(46, 0.0)	(47, 0.0)	(48, 0.0)	(49, 0.0)	(50, 0.0)	(51, 0.00040513800000000004)	(52, 0.0)	(53, 0.0)	(54, 0.0)	(55, 1.3505300000000001e-05)	(56, 1.3505499999999998e-05)	(57, 0.0)	(58, 1.3505899999999999e-05)	(59, 4.05183e-05)	(60, 0.000567267)	(61, 0.0)	(62, 0.0)	(63, 0.0754513)	(64, 0.0)	(65, 0.0)	(66, 0.0)	(67, 0.0)	(68, 0.0)	(69, 0.0)	(70, 0.0)	(71, 0.0)	(72, 0.0)	(73, 0.0)	(74, 0.0)	(75, 0.0)	(76, 0.0)	(77, 0.0)	(78, 0.0)	(79, 0.0)	(80, 0.0)	(81, 0.0)	(82, 0.0)	(83, 1.35142e-05)	(84, 0.0)	(85, 0.0)	(86, 1.35158e-05)	(87, 0.0)	(88, 2.7033800000000002e-05)	(89, 0.00273053)	(90, 5.40725e-05)	(91, 0.000148706)	(92, 0.0)	(93, 0.0)	(94, 0.0)	(95, 0.121966)	(96, 0.0)	(97, 2.70468e-05)	(98, 5.40967e-05)	(99, 0.0)	(100, 0.000405783)	(101, 0.0)	(102, 0.0)	(103, 0.0)	(104, 0.0)	(105, 0.00311244)	(106, 0.0)	(107, 0.0)	(108, 0.0)	(109, 0.000148919)	(110, 0.0)	(111, 0.0)	(112, 0.0)	(113, 0.000460533)	(114, 0.0)	(115, 1.3549300000000001e-05)	(116, 0.0)	(117, 0.0)	(118, 0.0)	(119, 0.0)	(120, 0.0)	(121, 0.0)	(122, 0.0)	(123, 0.0)	(124, 0.0)	(125, 2.7161399999999997e-05)	(126, 0.0008694379999999999)	(127, 2.71796e-05)	(128, 0.000503023)	(129, 0.0)	(130, 0.045338)	(131, 0.0)	(132, 0.0)	(133, 0.0)	(134, 0.0)	(135, 0.0)	(136, 0.0)	(137, 0.0)	(138, 0.0)	(139, 0.0)	(140, 0.0)	(141, 0.0)	(142, 0.0)	(143, 0.0)	(144, 0.00067675)	(145, 0.000332451)	(146, 0.0)	(147, 0.0)	(148, 0.0)	(149, 0.0)	(150, 0.0)
M145_3_2	(1, 0.0)	(2, 0.208248)	(3, 0.0)	(4, 0.0)	(5, 0.0)	(6, 0.0)	(7, 0.000245651)	(8, 0.00121533)	(9, 0.0)	(10, 1.2929e-05)	(11, 0.0)	(12, 3.87871e-05)	(13, 5.17161e-05)	(14, 0.000762813)	(15, 0.0)	(16, 0.0)	(17, 0.256473)	(18, 0.0)	(19, 0.0)	(20, 0.0)	(21, 0.0)	(22, 0.0)	(23, 0.0)	(24, 0.0)	(25, 0.0)	(26, 0.0)	(27, 0.0)	(28, 0.0)	(29, 0.0)	(30, 0.0)	(31, 0.0)	(32, 0.0)	(33, 0.0)	(34, 0.0)	(35, 0.0)	(36, 0.0)	(37, 1.2929e-05)	(38, 1.2929e-05)	(39, 2.58581e-05)	(40, 1.2929e-05)	(41, 0.0)	(42, 0.0)	(43, 0.0)	(44, 0.08908100000000001)	(45, 0.0)	(46, 0.0)	(47, 0.0)	(48, 0.0)	(49, 0.0)	(50, 0.0)	(51, 0.000284442)	(52, 0.0)	(53, 0.0)	(54, 2.5859500000000002e-05)	(55, 0.0)	(56, 1.29301e-05)	(57, 2.58606e-05)	(58, 2.5861000000000002e-05)	(59, 3.87922e-05)	(60, 0.000762927)	(61, 0.0)	(62, 0.0)	(63, 0.07840530000000001)	(64, 0.0)	(65, 0.0)	(66, 0.0)	(67, 0.0)	(68, 0.0)	(69, 0.0)	(70, 0.0)	(71, 0.0)	(72, 0.0)	(73, 0.0)	(74, 0.0)	(75, 0.0)	(76, 0.0)	(77, 0.0)	(78, 0.0)	(79, 0.0)	(80, 0.0)	(81, 0.0)	(82, 0.0)	(83, 0.0)	(84, 0.0)	(85, 1.2938699999999999e-05)	(86, 1.29391e-05)	(87, 1.29395e-05)	(88, 0.0)	(89, 0.0027175)	(90, 0.00010352700000000001)	(91, 0.000142356)	(92, 0.0)	(93, 0.0)	(94, 0.0)	(95, 0.132211)	(96, 0.0)	(97, 1.2945599999999999e-05)	(98, 3.88388e-05)	(99, 0.0)	(100, 0.00046612899999999997)	(101, 0.0)	(102, 0.0)	(103, 0.0)	(104, 0.0)	(105, 0.004300409999999999)	(106, 0.0)	(107, 0.0)	(108, 0.0)	(109, 0.000181411)	(110, 0.0)	(111, 0.0)	(112, 0.0)	(113, 0.000894517)	(114, 0.0)	(115, 0.0)	(116, 0.0)	(117, 0.0)	(118, 0.0)	(119, 1.2975799999999999e-05)	(120, 1.2978299999999999e-05)	(121, 1.29808e-05)	(122, 0.0)	(123, 0.0)	(124, 3.89687e-05)	(125, 1.29928e-05)	(126, 0.000779783)	(127, 2.6000699999999997e-05)	(128, 0.0005982180000000001)	(129, 0.0)	(130, 0.049961799999999994)	(131, 1.3019800000000002e-05)	(132, 0.0)	(133, 0.0)	(134, 0.0)	(135, 0.0)	(136, 0.0)	(137, 0.0)	(138, 0.0)	(139, 0.0)	(140, 0.0)	(141, 0.0)	(142, 0.0)	(143, 0.0)	(144, 0.0010158699999999999)	(145, 0.000304313)	(146, 0.0)	(147, 0.0)	(148, 0.0)	(149, 0.0)	(150, 0.0)
M145_3_3	(1, 0.0)	(2, 0.20827400000000001)	(3, 0.0)	(4, 0.0)	(5, 0.0)	(6, 0.0)	(7, 0.000272348)	(8, 0.0012614)	(9, 0.0)	(10, 1.43341e-05)	(11, 2.86682e-05)	(12, 1.43341e-05)	(13, 4.30023e-05)	(14, 0.00106072)	(15, 0.0)	(16, 0.0)	(17, 0.257283)	(18, 0.0)	(19, 0.0)	(20, 0.0)	(21, 0.0)	(22, 0.0)	(23, 0.0)	(24, 0.0)	(25, 1.43341e-05)	(26, 0.0)	(27, 0.0)	(28, 0.0)	(29, 2.86682e-05)	(30, 0.0)	(31, 0.0)	(32, 0.0)	(33, 0.0)	(34, 0.0)	(35, 0.0)	(36, 1.43341e-05)	(37, 1.43341e-05)	(38, 1.43341e-05)	(39, 4.30023e-05)	(40, 7.16704e-05)	(41, 0.0)	(42, 0.0)	(43, 0.0)	(44, 0.0903621)	(45, 0.0)	(46, 0.0)	(47, 0.0)	(48, 0.0)	(49, 0.0)	(50, 0.0)	(51, 0.00044436199999999996)	(52, 1.43344e-05)	(53, 0.0)	(54, 1.4334899999999999e-05)	(55, 2.86704e-05)	(56, 0.0)	(57, 0.0)	(58, 2.8671800000000002e-05)	(59, 7.168100000000001e-05)	(60, 0.000845853)	(61, 0.0)	(62, 0.0)	(63, 0.07752250000000001)	(64, 0.0)	(65, 0.0)	(66, 0.0)	(67, 0.0)	(68, 0.0)	(69, 0.0)	(70, 0.0)	(71, 0.0)	(72, 0.0)	(73, 0.0)	(74, 0.0)	(75, 0.0)	(76, 0.0)	(77, 0.0)	(78, 0.0)	(79, 0.0)	(80, 0.0)	(81, 0.0)	(82, 0.0)	(83, 1.43444e-05)	(84, 0.0)	(85, 2.86907e-05)	(86, 0.0)	(87, 0.0)	(88, 2.8693700000000003e-05)	(89, 0.00328555)	(90, 1.4348e-05)	(91, 0.000100441)	(92, 0.0)	(93, 0.0)	(94, 0.0)	(95, 0.127728)	(96, 0.0)	(97, 2.87061e-05)	(98, 0.0)	(99, 0.0)	(100, 0.000315823)	(101, 1.43566e-05)	(102, 0.0)	(103, 0.0)	(104, 0.0)	(105, 0.00445195)	(106, 0.0)	(107, 0.0)	(108, 0.0)	(109, 0.00021549299999999998)	(110, 0.0)	(111, 0.0)	(112, 0.0)	(113, 0.000862343)	(114, 0.0)	(115, 1.4376100000000001e-05)	(116, 1.43781e-05)	(117, 0.0)	(118, 0.0)	(119, 0.0)	(120, 5.75496e-05)	(121, 0.0)	(122, 0.0)	(123, 1.4396e-05)	(124, 1.4399300000000001e-05)	(125, 4.32084e-05)	(126, 0.000922017)	(127, 2.8821e-05)	(128, 0.0005333569999999999)	(129, 0.0)	(130, 0.0500839)	(131, 1.4430699999999999e-05)	(132, 0.0)	(133, 0.0)	(134, 0.0)	(135, 0.0)	(136, 0.0)	(137, 0.0)	(138, 0.0)	(139, 0.0)	(140, 0.0)	(141, 0.0)	(142, 0.0)	(143, 0.0)	(144, 0.000877018)	(145, 0.00020519600000000002)	(146, 0.0)	(147, 0.0)	(148, 0.0)	(149, 0.0)	(150, 0.0)
M145_3_4	(1, 0.0)	(2, 0.208151)	(3, 0.0)	(4, 0.0)	(5, 0.0)	(6, 0.0)	(7, 0.000380745)	(8, 0.00144976)	(9, 0.0)	(10, 0.0)	(11, 5.85762e-05)	(12, 4.39322e-05)	(13, 4.39322e-05)	(14, 0.000951863)	(15, 0.0)	(16, 0.0)	(17, 0.24808500000000003)	(18, 0.0)	(19, 0.0)	(20, 0.0)	(21, 0.0)	(22, 0.0)	(23, 0.0)	(24, 0.0)	(25, 0.0)	(26, 0.0)	(27, 0.0)	(28, 0.0)	(29, 2.92881e-05)	(30, 0.0)	(31, 0.0)	(32, 0.0)	(33, 0.0)	(34, 1.4644100000000001e-05)	(35, 0.0)	(36, 1.4644100000000001e-05)	(37, 1.4644100000000001e-05)	(38, 4.39322e-05)	(39, 2.92881e-05)	(40, 4.39322e-05)	(41, 0.0)	(42, 0.0)	(43, 0.0)	(44, 0.0893727)	(45, 0.0)	(46, 0.0)	(47, 0.0)	(48, 0.0)	(49, 0.0)	(50, 0.0)	(51, 0.000322174)	(52, 0.0)	(53, 0.0)	(54, 1.4645e-05)	(55, 1.46454e-05)	(56, 0.0)	(57, 2.9292e-05)	(58, 1.46463e-05)	(59, 0.0)	(60, 0.000615175)	(61, 0.0)	(62, 0.0)	(63, 0.0786314)	(64, 0.0)	(65, 0.0)	(66, 0.0)	(67, 0.0)	(68, 0.0)	(69, 0.0)	(70, 0.0)	(71, 0.0)	(72, 0.0)	(73, 0.0)	(74, 0.0)	(75, 0.0)	(76, 0.0)	(77, 0.0)	(78, 0.0)	(79, 0.0)	(80, 0.0)	(81, 0.0)	(82, 0.0)	(83, 0.0)	(84, 0.0)	(85, 1.4657099999999999e-05)	(86, 1.46576e-05)	(87, 2.93163e-05)	(88, 0.0)	(89, 0.00281457)	(90, 4.3979699999999995e-05)	(91, 0.00010262400000000001)	(92, 0.0)	(93, 0.0)	(94, 0.0)	(95, 0.13000799999999998)	(96, 0.0)	(97, 1.46654e-05)	(98, 2.93329e-05)	(99, 0.0)	(100, 0.00030804000000000004)	(101, 0.0)	(102, 0.0)	(103, 0.0)	(104, 0.0)	(105, 0.00432903)	(106, 0.0)	(107, 0.0)	(108, 0.0)	(109, 0.000146806)	(110, 0.0)	(111, 0.0)	(112, 0.0)	(113, 0.000690325)	(114, 0.0)	(115, 0.0)	(116, 0.0)	(117, 0.0)	(118, 0.0)	(119, 0.0)	(120, 2.9408e-05)	(121, 1.4707e-05)	(122, 0.0)	(123, 0.0)	(124, 7.3583e-05)	(125, 1.47202e-05)	(126, 0.000927628)	(127, 1.4728600000000002e-05)	(128, 0.00051567)	(129, 0.0)	(130, 0.051264)	(131, 0.0)	(132, 0.0)	(133, 0.0)	(134, 0.0)	(135, 0.0)	(136, 0.0)	(137, 0.0)	(138, 0.0)	(139, 0.0)	(140, 1.48417e-05)	(141, 0.0)	(142, 0.0)	(143, 0.0)	(144, 0.000851643)	(145, 0.000524386)	(146, 0.0)	(147, 0.0)	(148, 0.0)	(149, 0.0)	(150, 0.0)
