Sample	0	1	2	3	4	5	6	7	8	9	10	11	12	13	14	15	16	17	18	19	20	21	22	23	24	25	26	27	28	29	30	31	32	33	34	35	36	37	38	39	40	41	42	43	44	45	46	47	48	49	50	51	52	53	54	55	56	57	58	59	60	61	62	63	64	65	66	67	68	69	70	71	72	73	74	75	76	77	78	79	80	81	82	83	84	85	86	87	88	89	90	91	92	93	94	95	96	97	98	99	100	101	102	103	104	105	106	107	108	109	110	111	112	113	114	115	116	117	118	119	120	121	122	123	124	125	126	127	128	129	130	131	132	133	134	135	136	137	138	139	140	141	142	143	144	145	146	147	148	149
M145_1_1	(1, 78.067)	(2, 66.8697)	(3, 68.6999)	(4, 71.0968)	(5, 65.7699)	(6, 62.8443)	(7, 63.6878)	(8, 67.96140000000001)	(9, 65.6578)	(10, 63.5946)	(11, 72.2675)	(12, 69.8243)	(13, 68.83749999999999)	(14, 68.71199999999999)	(15, 67.62280000000001)	(16, 69.6794)	(17, 68.9433)	(18, 67.2444)	(19, 68.58760000000001)	(20, 68.1845)	(21, 67.65870000000001)	(22, 69.0173)	(23, 68.7874)	(24, 66.619)	(25, 69.1893)	(26, 69.19229999999999)	(27, 67.0466)	(28, 69.1116)	(29, 68.7354)	(30, 67.4786)	(31, 69.1148)	(32, 68.1517)	(33, 66.8039)	(34, 69.3738)	(35, 69.0122)	(36, 67.48140000000001)	(37, 68.8809)	(38, 68.77459999999999)	(39, 67.0075)	(40, 68.89)	(41, 68.9256)	(42, 67.05)	(43, 68.4663)	(44, 68.4438)	(45, 66.93820000000001)	(46, 68.14909999999999)	(47, 68.9871)	(48, 67.7585)	(49, 69.1315)	(50, 68.5023)	(51, 67.5465)	(52, 68.91460000000001)	(53, 67.6172)	(54, 66.4326)	(55, 68.4435)	(56, 67.9673)	(57, 66.6389)	(58, 68.9821)	(59, 67.8669)	(60, 67.2833)	(61, 68.7469)	(62, 67.9769)	(63, 66.732)	(64, 68.0339)	(65, 67.80080000000001)	(66, 67.547)	(67, 68.8467)	(68, 68.0226)	(69, 67.5638)	(70, 68.5454)	(71, 68.8827)	(72, 67.9679)	(73, 69.631)	(74, 69.157)	(75, 67.98610000000001)	(76, 68.6715)	(77, 68.34559999999999)	(78, 66.6477)	(79, 68.8071)	(80, 67.9161)	(81, 67.25999999999999)	(82, 68.51310000000001)	(83, 68.1103)	(84, 67.4363)	(85, 68.8794)	(86, 69.9106)	(87, 68.45139999999999)	(88, 69.2501)	(89, 69.4857)	(90, 67.0981)	(91, 69.09870000000001)	(92, 69.2167)	(93, 67.7231)	(94, 69.5093)	(95, 69.4702)	(96, 68.3767)	(97, 69.1733)	(98, 69.796)	(99, 68.6618)	(100, 69.9846)	(101, 70.0948)	(102, 68.4252)	(103, 69.18379999999999)	(104, 69.2162)	(105, 67.74860000000001)	(106, 69.9477)	(107, 69.76790000000001)	(108, 67.8664)	(109, 69.8399)	(110, 69.2589)	(111, 68.6683)	(112, 68.90119999999999)	(113, 69.26)	(114, 68.2573)	(115, 69.1496)	(116, 69.4703)	(117, 68.2171)	(118, 68.9046)	(119, 69.4032)	(120, 67.8454)	(121, 69.5325)	(122, 69.4425)	(123, 68.56020000000001)	(124, 69.2529)	(125, 69.3079)	(126, 68.70439999999999)	(127, 68.70100000000001)	(128, 69.2243)	(129, 68.06790000000001)	(130, 69.65299999999999)	(131, 69.11850000000001)	(132, 68.1194)	(133, 69.5891)	(134, 69.1031)	(135, 67.2195)	(136, 69.6077)	(137, 68.20389999999999)	(138, 67.4024)	(139, 69.0634)	(140, 68.8074)	(141, 67.988)	(142, 68.7709)	(143, 69.1361)	(144, 68.148)	(145, 68.9572)	(146, 68.5865)	(147, 67.8976)	(148, 68.9433)	(149, 69.00500000000001)	(150, 67.24369999999999)
M145_1_2	(1, 78.0754)	(2, 66.8725)	(3, 68.7306)	(4, 71.1175)	(5, 65.8019)	(6, 62.8942)	(7, 63.74530000000001)	(8, 68.0017)	(9, 65.6948)	(10, 63.631899999999995)	(11, 72.2788)	(12, 69.8844)	(13, 68.88159999999999)	(14, 68.72930000000001)	(15, 67.6091)	(16, 69.6995)	(17, 68.959)	(18, 67.2508)	(19, 68.6626)	(20, 68.2548)	(21, 67.6726)	(22, 69.0248)	(23, 68.7893)	(24, 66.6527)	(25, 69.1985)	(26, 69.1588)	(27, 67.03949999999999)	(28, 69.13709999999999)	(29, 68.7488)	(30, 67.5038)	(31, 69.16449999999999)	(32, 68.173)	(33, 66.8794)	(34, 69.4097)	(35, 69.0094)	(36, 67.52550000000001)	(37, 68.86949999999999)	(38, 68.7858)	(39, 67.03559999999999)	(40, 68.9352)	(41, 68.9094)	(42, 67.0955)	(43, 68.4904)	(44, 68.44200000000001)	(45, 66.9611)	(46, 68.2278)	(47, 69.0492)	(48, 67.7909)	(49, 69.1277)	(50, 68.557)	(51, 67.5574)	(52, 68.9488)	(53, 67.6262)	(54, 66.4874)	(55, 68.4941)	(56, 67.9971)	(57, 66.6559)	(58, 69.028)	(59, 67.8763)	(60, 67.2798)	(61, 68.71969999999999)	(62, 67.9689)	(63, 66.7843)	(64, 68.0514)	(65, 67.8333)	(66, 67.5625)	(67, 68.8323)	(68, 68.0315)	(69, 67.57379999999999)	(70, 68.5532)	(71, 68.9265)	(72, 67.9816)	(73, 69.639)	(74, 69.1485)	(75, 67.9732)	(76, 68.6671)	(77, 68.3736)	(78, 66.6744)	(79, 68.78229999999999)	(80, 67.9589)	(81, 67.2486)	(82, 68.57809999999999)	(83, 68.1594)	(84, 67.4456)	(85, 68.8561)	(86, 69.86489999999999)	(87, 68.4741)	(88, 69.3014)	(89, 69.5081)	(90, 67.1104)	(91, 69.146)	(92, 69.2564)	(93, 67.795)	(94, 69.47959999999999)	(95, 69.45660000000001)	(96, 68.3743)	(97, 69.2029)	(98, 69.794)	(99, 68.704)	(100, 70.0379)	(101, 70.09440000000001)	(102, 68.4367)	(103, 69.157)	(104, 69.2551)	(105, 67.8002)	(106, 69.95)	(107, 69.7575)	(108, 67.90509999999999)	(109, 69.80720000000001)	(110, 69.2636)	(111, 68.6959)	(112, 68.9161)	(113, 69.2832)	(114, 68.2834)	(115, 69.1695)	(116, 69.4802)	(117, 68.2194)	(118, 68.9516)	(119, 69.40079999999999)	(120, 67.86959999999999)	(121, 69.5948)	(122, 69.426)	(123, 68.5527)	(124, 69.2221)	(125, 69.3074)	(126, 68.70920000000001)	(127, 68.7247)	(128, 69.2283)	(129, 68.0531)	(130, 69.6398)	(131, 69.0846)	(132, 68.0934)	(133, 69.5528)	(134, 69.07799999999999)	(135, 67.2156)	(136, 69.59490000000001)	(137, 68.2024)	(138, 67.44590000000001)	(139, 69.06989999999999)	(140, 68.8342)	(141, 67.9759)	(142, 68.7527)	(143, 69.131)	(144, 68.1608)	(145, 68.9234)	(146, 68.6025)	(147, 67.8977)	(148, 68.9254)	(149, 69.0214)	(150, 67.22590000000001)
M145_1_3	(1, 78.14330000000001)	(2, 66.9165)	(3, 68.6275)	(4, 71.0228)	(5, 65.57)	(6, 62.728899999999996)	(7, 63.5535)	(8, 68.0221)	(9, 65.64219999999999)	(10, 63.528099999999995)	(11, 72.3527)	(12, 69.9053)	(13, 68.8395)	(14, 68.7125)	(15, 67.6013)	(16, 69.6058)	(17, 68.8733)	(18, 67.3289)	(19, 68.5379)	(20, 68.00349999999999)	(21, 67.5732)	(22, 68.99640000000001)	(23, 68.6873)	(24, 66.4946)	(25, 69.1887)	(26, 69.113)	(27, 66.93480000000001)	(28, 69.0667)	(29, 68.58229999999999)	(30, 67.47030000000001)	(31, 69.0572)	(32, 68.0029)	(33, 66.6862)	(34, 69.3191)	(35, 68.9322)	(36, 67.4173)	(37, 68.7899)	(38, 68.7692)	(39, 67.0851)	(40, 68.7921)	(41, 68.7758)	(42, 66.9138)	(43, 68.3515)	(44, 68.2997)	(45, 66.7989)	(46, 68.0038)	(47, 68.8702)	(48, 67.67)	(49, 68.9889)	(50, 68.4048)	(51, 67.4619)	(52, 68.77220000000001)	(53, 67.4478)	(54, 66.3096)	(55, 68.4053)	(56, 67.8916)	(57, 66.5037)	(58, 68.961)	(59, 67.72200000000001)	(60, 67.1649)	(61, 68.6285)	(62, 67.8108)	(63, 66.6446)	(64, 67.84949999999999)	(65, 67.6348)	(66, 67.4712)	(67, 68.7026)	(68, 67.831)	(69, 67.4555)	(70, 68.4226)	(71, 68.8027)	(72, 67.8664)	(73, 69.529)	(74, 69.0701)	(75, 67.8885)	(76, 68.5357)	(77, 68.1514)	(78, 66.4846)	(79, 68.6022)	(80, 67.777)	(81, 67.0762)	(82, 68.4148)	(83, 67.984)	(84, 67.3228)	(85, 68.76830000000001)	(86, 69.7835)	(87, 68.3694)	(88, 69.1482)	(89, 69.6474)	(90, 66.9103)	(91, 69.00359999999999)	(92, 69.1515)	(93, 67.65719999999999)	(94, 69.4472)	(95, 69.3455)	(96, 68.45909999999999)	(97, 69.0828)	(98, 69.7335)	(99, 68.5757)	(100, 69.98060000000001)	(101, 70.0341)	(102, 68.31869999999999)	(103, 69.0366)	(104, 69.14320000000001)	(105, 67.633)	(106, 69.8618)	(107, 69.6959)	(108, 67.74940000000001)	(109, 69.76440000000001)	(110, 69.1916)	(111, 68.596)	(112, 68.84209999999999)	(113, 69.2501)	(114, 68.146)	(115, 69.0817)	(116, 69.42399999999999)	(117, 68.1173)	(118, 68.96910000000001)	(119, 69.336)	(120, 67.63860000000001)	(121, 69.4866)	(122, 69.3524)	(123, 68.4685)	(124, 69.1553)	(125, 69.1604)	(126, 68.6668)	(127, 68.5586)	(128, 69.0961)	(129, 68.0936)	(130, 69.49419999999999)	(131, 68.9909)	(132, 68.002)	(133, 69.4706)	(134, 69.0033)	(135, 67.0417)	(136, 69.5219)	(137, 68.07459999999999)	(138, 67.3625)	(139, 68.978)	(140, 68.68520000000001)	(141, 67.8845)	(142, 68.6021)	(143, 69.0789)	(144, 68.0804)	(145, 68.8691)	(146, 68.4452)	(147, 67.8389)	(148, 68.8095)	(149, 68.9732)	(150, 67.0577)
M145_2_1	(1, 77.1602)	(2, 67.0008)	(3, 69.1581)	(4, 71.0055)	(5, 64.7988)	(6, 62.849500000000006)	(7, 62.503600000000006)	(8, 68.51310000000001)	(9, 66.2352)	(10, 62.8278)	(11, 72.3472)	(12, 69.8523)	(13, 68.9508)	(14, 68.9977)	(15, 67.8845)	(16, 70.0668)	(17, 68.8068)	(18, 67.3266)	(19, 67.61970000000001)	(20, 67.2469)	(21, 67.784)	(22, 68.513)	(23, 68.661)	(24, 65.5412)	(25, 69.0765)	(26, 69.23700000000001)	(27, 66.21629999999999)	(28, 68.9081)	(29, 68.44630000000001)	(30, 67.3728)	(31, 68.8881)	(32, 67.03829999999999)	(33, 65.8751)	(34, 69.1182)	(35, 68.8282)	(36, 67.4519)	(37, 68.3612)	(38, 68.62559999999999)	(39, 66.2548)	(40, 68.4408)	(41, 68.5307)	(42, 66.1617)	(43, 67.61540000000001)	(44, 67.6882)	(45, 65.8947)	(46, 66.6396)	(47, 68.64280000000001)	(48, 68.10730000000001)	(49, 69.14529999999999)	(50, 68.0936)	(51, 67.4826)	(52, 68.4637)	(53, 66.5581)	(54, 65.3472)	(55, 67.49000000000001)	(56, 66.923)	(57, 65.7102)	(58, 68.542)	(59, 67.0767)	(60, 66.8307)	(61, 68.2295)	(62, 66.8596)	(63, 65.7209)	(64, 66.7784)	(65, 66.3182)	(66, 67.6806)	(67, 68.3327)	(68, 66.7532)	(69, 67.20970000000001)	(70, 67.4643)	(71, 68.8283)	(72, 67.9)	(73, 69.50699999999999)	(74, 69.2516)	(75, 68.1812)	(76, 67.7954)	(77, 67.56450000000001)	(78, 65.7542)	(79, 68.0651)	(80, 66.525)	(81, 66.5571)	(82, 67.77459999999999)	(83, 67.1949)	(84, 67.041)	(85, 68.3228)	(86, 70.68719999999999)	(87, 69.3832)	(88, 69.3087)	(89, 70.1161)	(90, 66.2199)	(91, 68.5377)	(92, 69.3655)	(93, 67.89150000000001)	(94, 69.49109999999999)	(95, 69.6581)	(96, 69.1337)	(97, 69.0225)	(98, 70.6318)	(99, 69.8264)	(100, 70.68900000000001)	(101, 70.9772)	(102, 68.8145)	(103, 68.7844)	(104, 69.38980000000001)	(105, 67.4414)	(106, 70.5808)	(107, 70.4512)	(108, 67.9222)	(109, 69.78490000000001)	(110, 69.685)	(111, 69.4751)	(112, 68.2521)	(113, 69.3603)	(114, 68.0932)	(115, 68.9368)	(116, 70.293)	(117, 68.8525)	(118, 68.6888)	(119, 69.6626)	(120, 67.6571)	(121, 69.5532)	(122, 69.77799999999999)	(123, 69.3736)	(124, 69.4037)	(125, 69.5538)	(126, 69.42930000000001)	(127, 67.8143)	(128, 68.97149999999999)	(129, 68.6484)	(130, 69.9625)	(131, 68.9147)	(132, 68.1563)	(133, 69.3061)	(134, 69.354)	(135, 66.6486)	(136, 69.6554)	(137, 67.3412)	(138, 66.3969)	(139, 68.8348)	(140, 68.3185)	(141, 67.85510000000001)	(142, 68.1439)	(143, 69.0828)	(144, 68.2971)	(145, 68.2129)	(146, 68.1327)	(147, 67.8819)	(148, 68.55019999999999)	(149, 69.0346)	(150, 66.4481)
M145_2_3	(1, 76.0525)	(2, 66.5682)	(3, 68.6507)	(4, 70.5676)	(5, 64.56060000000001)	(6, 62.6594)	(7, 62.2391)	(8, 68.5904)	(9, 66.3258)	(10, 62.6907)	(11, 72.1959)	(12, 69.6018)	(13, 68.7666)	(14, 69.016)	(15, 67.7771)	(16, 69.8256)	(17, 68.75959999999999)	(18, 67.0942)	(19, 67.3322)	(20, 66.9078)	(21, 67.6015)	(22, 68.1134)	(23, 68.24980000000001)	(24, 65.1772)	(25, 68.6703)	(26, 69.0538)	(27, 65.8428)	(28, 68.5743)	(29, 68.3484)	(30, 67.2675)	(31, 68.6285)	(32, 66.7431)	(33, 65.5658)	(34, 68.8014)	(35, 68.67229999999999)	(36, 67.28840000000001)	(37, 67.861)	(38, 68.3283)	(39, 65.98570000000001)	(40, 68.12780000000001)	(41, 68.47149999999999)	(42, 65.8976)	(43, 67.3437)	(44, 67.4951)	(45, 65.5119)	(46, 66.1933)	(47, 68.4074)	(48, 67.9886)	(49, 68.8668)	(50, 67.9387)	(51, 67.41810000000001)	(52, 68.337)	(53, 66.2825)	(54, 65.0679)	(55, 67.1886)	(56, 66.6388)	(57, 65.3995)	(58, 68.2051)	(59, 66.7925)	(60, 66.6212)	(61, 67.92089999999999)	(62, 66.4625)	(63, 65.30890000000001)	(64, 66.3168)	(65, 65.88730000000001)	(66, 67.595)	(67, 68.1096)	(68, 66.40740000000001)	(69, 67.0607)	(70, 67.0406)	(71, 68.73939999999999)	(72, 67.7821)	(73, 69.2979)	(74, 68.9886)	(75, 67.9886)	(76, 67.33980000000001)	(77, 67.2439)	(78, 65.3868)	(79, 67.7516)	(80, 66.14139999999999)	(81, 66.2012)	(82, 67.309)	(83, 66.80040000000001)	(84, 66.78880000000001)	(85, 67.8963)	(86, 70.6715)	(87, 69.3593)	(88, 69.0361)	(89, 69.9693)	(90, 65.95830000000001)	(91, 68.1619)	(92, 69.2413)	(93, 67.5513)	(94, 69.24329999999999)	(95, 69.5261)	(96, 68.7726)	(97, 68.6054)	(98, 70.52340000000001)	(99, 69.7113)	(100, 70.5401)	(101, 70.9492)	(102, 68.7538)	(103, 68.4819)	(104, 69.1345)	(105, 67.1267)	(106, 70.3651)	(107, 70.2527)	(108, 67.6609)	(109, 69.58)	(110, 69.5207)	(111, 69.46600000000001)	(112, 67.738)	(113, 69.1554)	(114, 67.90610000000001)	(115, 68.56360000000001)	(116, 70.1101)	(117, 68.75489999999999)	(118, 68.5386)	(119, 69.542)	(120, 67.3129)	(121, 69.14439999999999)	(122, 69.7383)	(123, 69.3288)	(124, 69.2454)	(125, 69.4238)	(126, 69.3362)	(127, 67.4609)	(128, 68.9302)	(129, 68.5025)	(130, 69.7813)	(131, 68.7018)	(132, 68.016)	(133, 69.1171)	(134, 69.2201)	(135, 66.3552)	(136, 69.4351)	(137, 66.9906)	(138, 66.1247)	(139, 68.5261)	(140, 68.0406)	(141, 67.7145)	(142, 67.8527)	(143, 68.9226)	(144, 68.1597)	(145, 67.78)	(146, 67.8001)	(147, 67.64909999999999)	(148, 68.1835)	(149, 68.8406)	(150, 66.0454)
M145_2_4	(1, 75.28200000000001)	(2, 66.266)	(3, 68.26339999999999)	(4, 70.4509)	(5, 65.2753)	(6, 62.9145)	(7, 62.804300000000005)	(8, 68.8173)	(9, 66.7154)	(10, 63.0811)	(11, 72.1804)	(12, 69.7342)	(13, 68.7048)	(14, 69.23270000000001)	(15, 67.7967)	(16, 69.79220000000001)	(17, 69.15390000000001)	(18, 67.4377)	(19, 67.57079999999999)	(20, 67.3457)	(21, 67.6921)	(22, 68.1126)	(23, 68.32390000000001)	(24, 65.65480000000001)	(25, 68.5329)	(26, 69.2642)	(27, 66.20089999999999)	(28, 68.4166)	(29, 68.7564)	(30, 67.6556)	(31, 68.7424)	(32, 67.2738)	(33, 66.11059999999999)	(34, 68.7576)	(35, 68.8122)	(36, 67.4636)	(37, 67.8694)	(38, 68.4451)	(39, 66.6691)	(40, 68.3331)	(41, 68.9513)	(42, 66.3602)	(43, 67.80380000000001)	(44, 68.07069999999999)	(45, 66.05539999999999)	(46, 66.8678)	(47, 68.7708)	(48, 68.3037)	(49, 69.0744)	(50, 68.37339999999999)	(51, 67.772)	(52, 68.8876)	(53, 67.19239999999999)	(54, 65.7534)	(55, 67.5235)	(56, 67.3372)	(57, 65.9066)	(58, 68.3388)	(59, 67.6198)	(60, 67.0304)	(61, 68.32979999999999)	(62, 66.98429999999999)	(63, 65.8736)	(64, 66.6799)	(65, 66.5211)	(66, 68.00540000000001)	(67, 68.5182)	(68, 67.20230000000001)	(69, 67.37530000000001)	(70, 67.4054)	(71, 69.2647)	(72, 67.99539999999999)	(73, 69.512)	(74, 69.10969999999999)	(75, 68.2533)	(76, 67.6987)	(77, 67.8719)	(78, 65.9557)	(79, 68.13900000000001)	(80, 66.7907)	(81, 66.523)	(82, 67.5926)	(83, 67.472)	(84, 67.13)	(85, 68.108)	(86, 70.8271)	(87, 69.5495)	(88, 69.2758)	(89, 70.1071)	(90, 66.6205)	(91, 68.43010000000001)	(92, 69.3104)	(93, 67.7066)	(94, 69.2758)	(95, 69.6435)	(96, 68.6866)	(97, 68.7256)	(98, 70.4521)	(99, 69.72699999999999)	(100, 70.5422)	(101, 71.0742)	(102, 69.14240000000001)	(103, 69.0508)	(104, 69.4801)	(105, 67.5408)	(106, 70.2797)	(107, 70.3549)	(108, 67.91279999999999)	(109, 69.6488)	(110, 69.6393)	(111, 69.5175)	(112, 67.7741)	(113, 69.3901)	(114, 68.1536)	(115, 68.6311)	(116, 69.9368)	(117, 68.777)	(118, 68.8346)	(119, 69.6545)	(120, 67.4493)	(121, 69.15090000000001)	(122, 69.9924)	(123, 69.2949)	(124, 69.4723)	(125, 69.58539999999999)	(126, 69.36449999999999)	(127, 67.94059999999999)	(128, 69.2982)	(129, 68.7061)	(130, 69.7962)	(131, 69.05369999999999)	(132, 68.3141)	(133, 69.2148)	(134, 69.4629)	(135, 66.7313)	(136, 69.4751)	(137, 67.5769)	(138, 66.6227)	(139, 68.48729999999999)	(140, 68.3928)	(141, 67.899)	(142, 68.2187)	(143, 69.2578)	(144, 68.3496)	(145, 68.10040000000001)	(146, 68.0567)	(147, 67.5634)	(148, 68.1916)	(149, 69.0353)	(150, 66.2697)
M145_3_2	(1, 76.5954)	(2, 66.2049)	(3, 69.29220000000001)	(4, 71.1608)	(5, 63.9534)	(6, 62.6998)	(7, 62.097500000000004)	(8, 68.6941)	(9, 66.2358)	(10, 62.618399999999994)	(11, 72.3223)	(12, 69.6628)	(13, 69.1429)	(14, 68.66929999999999)	(15, 67.9804)	(16, 70.17989999999999)	(17, 68.4558)	(18, 67.0485)	(19, 67.3063)	(20, 66.31899999999999)	(21, 67.8804)	(22, 68.48649999999999)	(23, 68.1674)	(24, 64.8418)	(25, 69.0908)	(26, 68.9144)	(27, 65.586)	(28, 68.7319)	(29, 67.8408)	(30, 67.1724)	(31, 68.8554)	(32, 66.2319)	(33, 65.04860000000001)	(34, 69.1739)	(35, 68.55630000000001)	(36, 67.38300000000001)	(37, 67.9517)	(38, 68.3443)	(39, 65.4438)	(40, 68.2136)	(41, 68.10040000000001)	(42, 65.512)	(43, 67.0312)	(44, 67.0142)	(45, 65.0632)	(46, 65.7434)	(47, 68.29769999999999)	(48, 68.1512)	(49, 69.0528)	(50, 67.5372)	(51, 67.3212)	(52, 68.1929)	(53, 65.4)	(54, 64.5019)	(55, 67.148)	(56, 66.0342)	(57, 65.1139)	(58, 68.467)	(59, 66.06450000000001)	(60, 66.4154)	(61, 67.92909999999999)	(62, 65.8996)	(63, 65.0235)	(64, 66.1823)	(65, 65.018)	(66, 67.3171)	(67, 67.9097)	(68, 65.4361)	(69, 67.0366)	(70, 66.99680000000001)	(71, 68.4922)	(72, 67.7825)	(73, 69.2877)	(74, 68.9789)	(75, 68.1064)	(76, 67.3111)	(77, 66.586)	(78, 64.816)	(79, 67.4154)	(80, 65.3262)	(81, 66.0225)	(82, 67.3233)	(83, 66.2762)	(84, 66.4592)	(85, 67.755)	(86, 70.4688)	(87, 69.24249999999999)	(88, 69.0839)	(89, 69.9178)	(90, 65.3336)	(91, 67.9239)	(92, 69.2097)	(93, 67.5839)	(94, 69.34609999999999)	(95, 69.5089)	(96, 69.09490000000001)	(97, 68.7368)	(98, 70.71809999999999)	(99, 69.9562)	(100, 70.8235)	(101, 70.8004)	(102, 68.7928)	(103, 68.2518)	(104, 68.8901)	(105, 66.8605)	(106, 70.837)	(107, 70.4038)	(108, 67.476)	(109, 69.5677)	(110, 69.76259999999999)	(111, 69.818)	(112, 67.9505)	(113, 69.065)	(114, 67.951)	(115, 68.8733)	(116, 70.42399999999999)	(117, 68.8477)	(118, 68.41390000000001)	(119, 69.6973)	(120, 67.4811)	(121, 69.34360000000001)	(122, 69.568)	(123, 69.42439999999999)	(124, 69.24369999999999)	(125, 69.2581)	(126, 69.5352)	(127, 67.1327)	(128, 68.54820000000001)	(129, 68.6313)	(130, 70.05630000000001)	(131, 68.27720000000001)	(132, 67.9298)	(133, 69.22460000000001)	(134, 69.2085)	(135, 66.0643)	(136, 69.6344)	(137, 66.4239)	(138, 65.7199)	(139, 68.784)	(140, 67.6844)	(141, 67.7975)	(142, 67.5411)	(143, 68.7347)	(144, 68.3906)	(145, 67.8241)	(146, 67.5458)	(147, 67.97720000000001)	(148, 68.43209999999999)	(149, 68.833)	(150, 65.92909999999999)
M145_3_3	(1, 74.9806)	(2, 65.6675)	(3, 68.1071)	(4, 69.9707)	(5, 62.5853)	(6, 61.6944)	(7, 60.8255)	(8, 68.4736)	(9, 65.85029999999999)	(10, 61.1787)	(11, 71.87400000000001)	(12, 69.01509999999999)	(13, 68.39070000000001)	(14, 68.3732)	(15, 67.3142)	(16, 69.7204)	(17, 67.9148)	(18, 66.3846)	(19, 66.1729)	(20, 65.1981)	(21, 67.1883)	(22, 67.313)	(23, 67.3512)	(24, 63.5212)	(25, 68.0955)	(26, 68.56700000000001)	(27, 64.40639999999999)	(28, 67.8362)	(29, 67.3056)	(30, 66.40859999999999)	(31, 67.9897)	(32, 65.0957)	(33, 63.958999999999996)	(34, 68.3327)	(35, 67.9606)	(36, 66.4701)	(37, 66.6334)	(38, 67.7267)	(39, 64.443)	(40, 67.2676)	(41, 67.5965)	(42, 64.3263)	(43, 65.8455)	(44, 66.0341)	(45, 63.856100000000005)	(46, 64.25319999999999)	(47, 67.6546)	(48, 67.6574)	(49, 68.1163)	(50, 66.6318)	(51, 66.4763)	(52, 67.4299)	(53, 64.1954)	(54, 63.1796)	(55, 65.7948)	(56, 64.9756)	(57, 63.777300000000004)	(58, 67.3649)	(59, 65.11160000000001)	(60, 65.5417)	(61, 66.7469)	(62, 64.6469)	(63, 63.697199999999995)	(64, 64.655)	(65, 63.63680000000001)	(66, 66.6859)	(67, 66.9721)	(68, 64.26429999999999)	(69, 66.2579)	(70, 65.727)	(71, 68.0484)	(72, 67.0509)	(73, 68.56790000000001)	(74, 68.4227)	(75, 67.5283)	(76, 66.1251)	(77, 65.6748)	(78, 63.4853)	(79, 66.4397)	(80, 64.0036)	(81, 64.9449)	(82, 66.2408)	(83, 65.31139999999999)	(84, 65.74029999999999)	(85, 66.8107)	(86, 70.5835)	(87, 69.19539999999999)	(88, 68.3348)	(89, 69.6978)	(90, 64.2671)	(91, 67.0007)	(92, 68.7226)	(93, 66.7959)	(94, 68.69)	(95, 69.0549)	(96, 68.6996)	(97, 67.9713)	(98, 70.6344)	(99, 69.8484)	(100, 70.4927)	(101, 70.8283)	(102, 68.4564)	(103, 67.5232)	(104, 68.5294)	(105, 65.9735)	(106, 70.493)	(107, 70.2809)	(108, 66.6696)	(109, 69.0913)	(110, 69.4547)	(111, 69.75829999999999)	(112, 66.8195)	(113, 68.6104)	(114, 67.3307)	(115, 68.0129)	(116, 70.16550000000001)	(117, 68.4357)	(118, 67.54729999999999)	(119, 69.3408)	(120, 66.56830000000001)	(121, 68.7468)	(122, 69.4472)	(123, 69.1687)	(124, 68.5142)	(125, 68.7671)	(126, 69.3942)	(127, 65.926)	(128, 68.038)	(129, 68.0365)	(130, 69.53829999999999)	(131, 67.6452)	(132, 67.28739999999999)	(133, 68.54860000000001)	(134, 68.783)	(135, 64.9124)	(136, 69.02669999999999)	(137, 65.4865)	(138, 64.703)	(139, 67.93289999999999)	(140, 66.8722)	(141, 67.1995)	(142, 66.5457)	(143, 68.2907)	(144, 67.96459999999999)	(145, 66.769)	(146, 66.8158)	(147, 67.3365)	(148, 67.4588)	(149, 68.2776)	(150, 64.73259999999999)
M145_3_4	(1, 75.5569)	(2, 65.83)	(3, 68.9559)	(4, 70.75479999999999)	(5, 63.258199999999995)	(6, 62.649100000000004)	(7, 61.520300000000006)	(8, 68.75919999999999)	(9, 66.2903)	(10, 62.0976)	(11, 71.9957)	(12, 69.3564)	(13, 69.13820000000001)	(14, 68.8947)	(15, 67.958)	(16, 70.2146)	(17, 68.3297)	(18, 66.8681)	(19, 66.7632)	(20, 65.7402)	(21, 67.6235)	(22, 68.00699999999999)	(23, 67.87440000000001)	(24, 63.9807)	(25, 68.7545)	(26, 68.86250000000001)	(27, 65.03790000000001)	(28, 68.5111)	(29, 67.5855)	(30, 66.91120000000001)	(31, 68.48140000000001)	(32, 65.336)	(33, 64.4859)	(34, 68.7895)	(35, 68.1904)	(36, 67.012)	(37, 67.3065)	(38, 67.9678)	(39, 64.9023)	(40, 67.8457)	(41, 67.768)	(42, 64.9156)	(43, 66.348)	(44, 66.389)	(45, 64.4428)	(46, 64.8496)	(47, 68.0272)	(48, 68.0325)	(49, 68.7763)	(50, 67.02090000000001)	(51, 66.99619999999999)	(52, 67.7916)	(53, 64.5346)	(54, 63.6065)	(55, 66.14370000000001)	(56, 64.9878)	(57, 64.223)	(58, 67.7485)	(59, 65.1696)	(60, 65.8217)	(61, 67.13799999999999)	(62, 64.8391)	(63, 63.994099999999996)	(64, 64.9891)	(65, 63.9482)	(66, 67.02369999999999)	(67, 67.199)	(68, 64.5841)	(69, 66.4894)	(70, 66.0341)	(71, 68.1015)	(72, 67.55109999999999)	(73, 68.9285)	(74, 68.623)	(75, 67.6883)	(76, 66.2437)	(77, 65.5754)	(78, 63.7621)	(79, 66.5834)	(80, 64.254)	(81, 65.1468)	(82, 66.23949999999999)	(83, 65.2737)	(84, 65.93480000000001)	(85, 67.032)	(86, 70.61269999999999)	(87, 69.4473)	(88, 68.6683)	(89, 69.8515)	(90, 64.6714)	(91, 67.27680000000001)	(92, 68.9182)	(93, 67.0686)	(94, 68.95400000000001)	(95, 69.24040000000001)	(96, 68.86330000000001)	(97, 68.1624)	(98, 70.7167)	(99, 70.1283)	(100, 70.7591)	(101, 70.9646)	(102, 68.6155)	(103, 67.8043)	(104, 68.64099999999999)	(105, 66.3288)	(106, 70.67660000000001)	(107, 70.20870000000001)	(108, 67.2075)	(109, 69.4073)	(110, 69.49499999999999)	(111, 69.8718)	(112, 67.229)	(113, 68.7192)	(114, 67.64320000000001)	(115, 68.2586)	(116, 70.219)	(117, 68.7659)	(118, 67.849)	(119, 69.3608)	(120, 66.9116)	(121, 68.9627)	(122, 69.3626)	(123, 69.5838)	(124, 68.8476)	(125, 69.09819999999999)	(126, 69.6776)	(127, 66.4975)	(128, 68.2051)	(129, 68.4641)	(130, 69.8931)	(131, 67.9413)	(132, 67.6138)	(133, 68.8725)	(134, 68.8426)	(135, 65.377)	(136, 69.2896)	(137, 65.4513)	(138, 64.9747)	(139, 68.2427)	(140, 67.0613)	(141, 67.485)	(142, 66.7974)	(143, 68.3715)	(144, 68.1407)	(145, 67.0429)	(146, 66.8391)	(147, 67.5643)	(148, 67.7728)	(149, 68.4571)	(150, 65.1536)
