Sample	0	1	2	3	4	5	6	7	8	9	10	11	12	13	14	15	16	17	18	19	20	21	22	23	24	25	26	27	28	29	30	31	32	33	34	35	36	37	38	39	40	41	42	43	44	45	46	47	48	49	50	51	52	53	54	55	56	57	58	59	60	61	62	63	64	65	66	67	68	69	70	71	72	73	74	75	76	77	78	79	80	81	82	83	84	85	86	87	88	89	90	91	92	93	94	95	96	97	98	99	100	101	102	103	104	105	106	107	108	109	110	111	112	113	114	115	116	117	118	119	120	121	122	123	124	125	126	127	128	129	130	131	132	133	134	135	136	137	138	139	140	141	142	143	144	145	146	147	148	149
M145_1_1	(1, 78.056)	(2, 66.7826)	(3, 68.59570000000001)	(4, 71.00319999999999)	(5, 65.66760000000001)	(6, 62.7301)	(7, 63.6169)	(8, 67.8898)	(9, 65.5532)	(10, 63.5096)	(11, 72.16799999999999)	(12, 69.7224)	(13, 68.7531)	(14, 68.6247)	(15, 67.5148)	(16, 69.5778)	(17, 68.8462)	(18, 67.14320000000001)	(19, 68.4981)	(20, 68.094)	(21, 67.565)	(22, 68.9427)	(23, 68.7026)	(24, 66.5106)	(25, 69.1131)	(26, 69.0961)	(27, 66.93820000000001)	(28, 69.0326)	(29, 68.6474)	(30, 67.38499999999999)	(31, 69.0346)	(32, 68.0491)	(33, 66.69659999999999)	(34, 69.2901)	(35, 68.9195)	(36, 67.3843)	(37, 68.7993)	(38, 68.6784)	(39, 66.91460000000001)	(40, 68.8172)	(41, 68.8383)	(42, 66.9519)	(43, 68.3848)	(44, 68.3578)	(45, 66.84219999999999)	(46, 68.0649)	(47, 68.9066)	(48, 67.6699)	(49, 69.0568)	(50, 68.415)	(51, 67.4584)	(52, 68.8449)	(53, 67.5273)	(54, 66.34299999999999)	(55, 68.365)	(56, 67.88119999999999)	(57, 66.5494)	(58, 68.91890000000001)	(59, 67.7862)	(60, 67.2029)	(61, 68.68220000000001)	(62, 67.90129999999999)	(63, 66.6448)	(64, 67.9609)	(65, 67.7353)	(66, 67.4726)	(67, 68.78)	(68, 67.95)	(69, 67.4904)	(70, 68.4883)	(71, 68.8228)	(72, 67.9152)	(73, 69.5908)	(74, 69.1105)	(75, 67.9166)	(76, 68.6157)	(77, 68.2757)	(78, 66.5759)	(79, 68.7569)	(80, 67.8566)	(81, 67.2006)	(82, 68.4633)	(83, 68.0494)	(84, 67.375)	(85, 68.83409999999999)	(86, 69.8632)	(87, 68.39070000000001)	(88, 69.2025)	(89, 69.4824)	(90, 67.0313)	(91, 69.0607)	(92, 69.1705)	(93, 67.6647)	(94, 69.4786)	(95, 69.4357)	(96, 68.3502)	(97, 69.15790000000001)	(98, 69.7654)	(99, 68.6198)	(100, 69.9795)	(101, 70.07090000000001)	(102, 68.3848)	(103, 69.1562)	(104, 69.19149999999999)	(105, 67.7034)	(106, 69.9423)	(107, 69.7532)	(108, 67.8351)	(109, 69.8363)	(110, 69.253)	(111, 68.6445)	(112, 68.8881)	(113, 69.2535)	(114, 68.23599999999999)	(115, 69.1435)	(116, 69.4662)	(117, 68.2018)	(118, 68.97290000000001)	(119, 69.4058)	(120, 67.8369)	(121, 69.5457)	(122, 69.44500000000001)	(123, 68.5635)	(124, 69.26440000000001)	(125, 69.3187)	(126, 68.7161)	(127, 68.7128)	(128, 69.2455)	(129, 68.14630000000001)	(130, 69.7264)	(131, 69.1495)	(132, 68.1368)	(133, 69.6425)	(134, 69.1429)	(135, 67.2428)	(136, 69.6651)	(137, 68.2438)	(138, 67.4245)	(139, 69.1374)	(140, 68.8732)	(141, 68.05210000000001)	(142, 68.84710000000001)	(143, 69.2449)	(144, 68.2314)	(145, 69.1335)	(146, 68.8161)	(147, 68.00659999999999)	(148, 69.2196)	(149, 69.2199)	(150, 67.2646)
M145_1_2	(1, 78.0694)	(2, 66.78349999999999)	(3, 68.6334)	(4, 71.0248)	(5, 65.7011)	(6, 62.78789999999999)	(7, 63.6696)	(8, 67.9238)	(9, 65.5887)	(10, 63.549)	(11, 72.1881)	(12, 69.7846)	(13, 68.8018)	(14, 68.6429)	(15, 67.5071)	(16, 69.6118)	(17, 68.8663)	(18, 67.15440000000001)	(19, 68.5746)	(20, 68.1728)	(21, 67.584)	(22, 68.9499)	(23, 68.709)	(24, 66.5534)	(25, 69.1297)	(26, 69.0721)	(27, 66.9383)	(28, 69.0663)	(29, 68.6686)	(30, 67.4129)	(31, 69.0883)	(32, 68.08070000000001)	(33, 66.77929999999999)	(34, 69.3364)	(35, 68.9208)	(36, 67.4399)	(37, 68.7998)	(38, 68.7046)	(39, 66.9519)	(40, 68.8691)	(41, 68.8349)	(42, 67.00500000000001)	(43, 68.414)	(44, 68.3663)	(45, 66.8715)	(46, 68.15830000000001)	(47, 68.9748)	(48, 67.7131)	(49, 69.0599)	(50, 68.4804)	(51, 67.4788)	(52, 68.8847)	(53, 67.5465)	(54, 66.4121)	(55, 68.42240000000001)	(56, 67.92439999999999)	(57, 66.57849999999999)	(58, 68.9722)	(59, 67.8061)	(60, 67.2098)	(61, 68.66449999999999)	(62, 67.904)	(63, 66.7085)	(64, 67.9924)	(65, 67.7805)	(66, 67.4987)	(67, 68.7857)	(68, 67.97189999999999)	(69, 67.5142)	(70, 68.50460000000001)	(71, 68.8819)	(72, 67.9381)	(73, 69.6071)	(74, 69.11500000000001)	(75, 67.917)	(76, 68.623)	(77, 68.324)	(78, 66.6139)	(79, 68.7441)	(80, 67.9087)	(81, 67.2018)	(82, 68.5422)	(83, 68.11580000000001)	(84, 67.39699999999999)	(85, 68.8214)	(86, 69.8334)	(87, 68.4256)	(88, 69.2705)	(89, 69.5103)	(90, 67.05640000000001)	(91, 69.1196)	(92, 69.226)	(93, 67.75189999999999)	(94, 69.463)	(95, 69.4347)	(96, 68.3632)	(97, 69.1957)	(98, 69.7815)	(99, 68.679)	(100, 70.0507)	(101, 70.089)	(102, 68.4102)	(103, 69.1439)	(104, 69.2436)	(105, 67.7747)	(106, 69.951)	(107, 69.757)	(108, 67.8905)	(109, 69.817)	(110, 69.2638)	(111, 68.68339999999999)	(112, 68.9147)	(113, 69.29180000000001)	(114, 68.29039999999999)	(115, 69.1795)	(116, 69.4966)	(117, 68.2188)	(118, 69.04010000000001)	(119, 69.4211)	(120, 67.8779)	(121, 69.62310000000001)	(122, 69.4444)	(123, 68.5735)	(124, 69.2464)	(125, 69.3401)	(126, 68.7416)	(127, 68.7617)	(128, 69.2727)	(129, 68.1476)	(130, 69.72930000000001)	(131, 69.138)	(132, 68.1311)	(133, 69.6236)	(134, 69.1423)	(135, 67.2676)	(136, 69.6742)	(137, 68.27)	(138, 67.4998)	(139, 69.1718)	(140, 68.9307)	(141, 68.0668)	(142, 68.8641)	(143, 69.2608)	(144, 68.2751)	(145, 69.1374)	(146, 68.8588)	(147, 68.03439999999999)	(148, 69.2421)	(149, 69.2671)	(150, 67.2686)
M145_1_3	(1, 78.0882)	(2, 66.8242)	(3, 68.5225)	(4, 70.9336)	(5, 65.4637)	(6, 62.6119)	(7, 63.482400000000005)	(8, 67.94409999999999)	(9, 65.5392)	(10, 63.4378)	(11, 72.2627)	(12, 69.80760000000001)	(13, 68.755)	(14, 68.625)	(15, 67.5013)	(16, 69.5688)	(17, 68.7724)	(18, 67.2248)	(19, 68.5071)	(20, 67.9721)	(21, 67.53909999999999)	(22, 68.9203)	(23, 68.6593)	(24, 66.4424)	(25, 69.1762)	(26, 69.0221)	(27, 66.881)	(28, 69.0496)	(29, 68.549)	(30, 67.37480000000001)	(31, 69.0378)	(32, 67.9658)	(33, 66.6413)	(34, 69.3045)	(35, 68.8987)	(36, 67.3835)	(37, 68.7686)	(38, 68.6756)	(39, 67.0463)	(40, 68.7751)	(41, 68.7519)	(42, 66.8756)	(43, 68.3269)	(44, 68.2753)	(45, 66.76050000000001)	(46, 67.9823)	(47, 68.8531)	(48, 67.6446)	(49, 68.9743)	(50, 68.3778)	(51, 67.3742)	(52, 68.76339999999999)	(53, 67.42)	(54, 66.2806)	(55, 68.3319)	(56, 67.8102)	(57, 66.473)	(58, 68.89800000000001)	(59, 67.7007)	(60, 67.13980000000001)	(61, 68.5698)	(62, 67.7962)	(63, 66.61930000000001)	(64, 67.8368)	(65, 67.6284)	(66, 67.3972)	(67, 68.6988)	(68, 67.8192)	(69, 67.437)	(70, 68.4265)	(71, 68.806)	(72, 67.8723)	(73, 69.5491)	(74, 69.0805)	(75, 67.89020000000001)	(76, 68.5408)	(77, 68.15020000000001)	(78, 66.4696)	(79, 68.6216)	(80, 67.7782)	(81, 67.0774)	(82, 68.4351)	(83, 67.98689999999999)	(84, 67.3207)	(85, 68.7832)	(86, 69.8018)	(87, 68.37259999999999)	(88, 69.1679)	(89, 69.6105)	(90, 66.9084)	(91, 69.0252)	(92, 69.1674)	(93, 67.66149999999999)	(94, 69.4281)	(95, 69.3742)	(96, 68.4273)	(97, 69.1245)	(98, 69.7629)	(99, 68.6024)	(100, 70.029)	(101, 70.0797)	(102, 68.3435)	(103, 69.077)	(104, 69.1863)	(105, 67.6555)	(106, 69.91420000000001)	(107, 69.74510000000001)	(108, 67.7808)	(109, 69.8261)	(110, 69.24289999999999)	(111, 68.6405)	(112, 68.89420000000001)	(113, 69.2431)	(114, 68.1989)	(115, 69.1438)	(116, 69.4828)	(117, 68.1673)	(118, 69.036)	(119, 69.4076)	(120, 67.7432)	(121, 69.5711)	(122, 69.4237)	(123, 68.54209999999999)	(124, 69.1778)	(125, 69.24369999999999)	(126, 68.747)	(127, 68.64529999999999)	(128, 69.1894)	(129, 68.17699999999999)	(130, 69.6574)	(131, 69.0954)	(132, 68.089)	(133, 69.59870000000001)	(134, 69.0566)	(135, 67.1379)	(136, 69.65350000000001)	(137, 68.1836)	(138, 67.40859999999999)	(139, 69.1268)	(140, 68.8314)	(141, 68.024)	(142, 68.7694)	(143, 69.2596)	(144, 68.2459)	(145, 69.0691)	(146, 68.7454)	(147, 68.02470000000001)	(148, 69.1699)	(149, 69.2062)	(150, 67.1599)
M145_2_1	(1, 77.0291)	(2, 66.7988)	(3, 69.1162)	(4, 71.122)	(5, 64.75450000000001)	(6, 62.8317)	(7, 62.6394)	(8, 68.52510000000001)	(9, 66.0848)	(10, 62.6663)	(11, 72.3733)	(12, 69.9706)	(13, 69.0991)	(14, 68.9979)	(15, 67.7532)	(16, 70.16)	(17, 68.78020000000001)	(18, 67.3169)	(19, 67.6246)	(20, 67.1448)	(21, 67.662)	(22, 68.3582)	(23, 68.5334)	(24, 65.545)	(25, 69.09140000000001)	(26, 69.2377)	(27, 66.2141)	(28, 68.8383)	(29, 68.5022)	(30, 67.4904)	(31, 68.93780000000001)	(32, 66.9353)	(33, 65.9143)	(34, 69.1554)	(35, 68.7235)	(36, 67.32770000000001)	(37, 68.2639)	(38, 68.61359999999999)	(39, 66.4032)	(40, 68.4754)	(41, 68.452)	(42, 66.0424)	(43, 67.6806)	(44, 67.6985)	(45, 65.9328)	(46, 66.6638)	(47, 68.5696)	(48, 68.1605)	(49, 69.19330000000001)	(50, 68.00319999999999)	(51, 67.4775)	(52, 68.65520000000001)	(53, 66.5737)	(54, 65.2382)	(55, 67.3351)	(56, 66.7495)	(57, 65.5752)	(58, 68.3857)	(59, 67.11439999999999)	(60, 67.0082)	(61, 68.2334)	(62, 66.9414)	(63, 65.9192)	(64, 66.8429)	(65, 66.4036)	(66, 67.6848)	(67, 68.2909)	(68, 66.82820000000001)	(69, 67.42909999999999)	(70, 67.6959)	(71, 69.0774)	(72, 68.0014)	(73, 69.4902)	(74, 69.3688)	(75, 68.2367)	(76, 67.881)	(77, 67.6027)	(78, 65.6566)	(79, 67.9947)	(80, 66.4306)	(81, 66.4489)	(82, 67.8567)	(83, 67.4001)	(84, 67.2737)	(85, 68.5954)	(86, 71.0011)	(87, 69.69109999999999)	(88, 69.6215)	(89, 70.37729999999999)	(90, 66.4789)	(91, 68.836)	(92, 69.502)	(93, 67.8689)	(94, 69.4255)	(95, 69.636)	(96, 69.1823)	(97, 69.2715)	(98, 70.75240000000001)	(99, 69.9739)	(100, 70.8243)	(101, 70.9955)	(102, 68.93299999999999)	(103, 69.0455)	(104, 69.50319999999999)	(105, 67.4083)	(106, 70.5798)	(107, 70.4424)	(108, 67.8607)	(109, 69.9092)	(110, 69.9462)	(111, 69.7547)	(112, 68.3925)	(113, 69.3337)	(114, 68.2354)	(115, 69.0581)	(116, 70.3051)	(117, 68.82249999999999)	(118, 68.82979999999999)	(119, 69.7803)	(120, 67.6835)	(121, 69.70870000000001)	(122, 69.9123)	(123, 69.38)	(124, 69.34479999999999)	(125, 69.568)	(126, 69.5792)	(127, 68.0826)	(128, 69.1191)	(129, 68.6703)	(130, 70.055)	(131, 68.9355)	(132, 68.1408)	(133, 69.4864)	(134, 69.4406)	(135, 66.6488)	(136, 69.7022)	(137, 67.502)	(138, 66.45299999999999)	(139, 68.89410000000001)	(140, 68.3623)	(141, 68.0531)	(142, 68.3247)	(143, 69.33019999999999)	(144, 68.6498)	(145, 68.3843)	(146, 68.3638)	(147, 68.1092)	(148, 68.83970000000001)	(149, 69.2214)	(150, 66.6485)
M145_2_3	(1, 77.447)	(2, 65.9091)	(3, 68.06020000000001)	(4, 70.4186)	(5, 65.9127)	(6, 64.1394)	(7, 63.6011)	(8, 68.5105)	(9, 65.68889999999999)	(10, 63.465700000000005)	(11, 72.1717)	(12, 70.7336)	(13, 68.3248)	(14, 68.1691)	(15, 66.6017)	(16, 69.2196)	(17, 68.1182)	(18, 68.1464)	(19, 67.1383)	(20, 67.7635)	(21, 67.19760000000001)	(22, 67.8155)	(23, 69.3753)	(24, 66.3344)	(25, 68.5878)	(26, 68.6369)	(27, 66.56830000000001)	(28, 67.9345)	(29, 67.5412)	(30, 66.5971)	(31, 68.364)	(32, 67.8261)	(33, 66.782)	(34, 68.44940000000001)	(35, 68.04289999999999)	(36, 66.54090000000001)	(37, 68.8742)	(38, 68.1455)	(39, 67.0263)	(40, 67.87769999999999)	(41, 67.9639)	(42, 66.5344)	(43, 67.0831)	(44, 67.3372)	(45, 66.6901)	(46, 67.41279999999999)	(47, 67.94369999999999)	(48, 67.1819)	(49, 67.8944)	(50, 66.8026)	(51, 66.6422)	(52, 68.1887)	(53, 67.4556)	(54, 66.43480000000001)	(55, 67.31960000000001)	(56, 67.8406)	(57, 66.7582)	(58, 68.0697)	(59, 67.779)	(60, 66.4535)	(61, 67.7591)	(62, 68.0199)	(63, 67.37049999999999)	(64, 68.1738)	(65, 67.3421)	(66, 67.4718)	(67, 67.6368)	(68, 67.5411)	(69, 67.0459)	(70, 68.1892)	(71, 68.4064)	(72, 66.994)	(73, 68.2937)	(74, 68.3877)	(75, 67.7153)	(76, 68.9121)	(77, 69.23)	(78, 67.3704)	(79, 69.8501)	(80, 68.1652)	(81, 68.2157)	(82, 69.53009999999999)	(83, 69.1125)	(84, 68.8306)	(85, 69.59870000000001)	(86, 70.7089)	(87, 68.8447)	(88, 68.6113)	(89, 69.91619999999999)	(90, 67.2868)	(91, 69.9784)	(92, 69.4661)	(93, 68.4811)	(94, 68.9925)	(95, 69.4109)	(96, 70.0154)	(97, 70.101)	(98, 70.3696)	(99, 69.0574)	(100, 69.719)	(101, 70.3109)	(102, 68.54639999999999)	(103, 70.1902)	(104, 70.9562)	(105, 68.5274)	(106, 70.4027)	(107, 69.8952)	(108, 68.369)	(109, 69.21549999999999)	(110, 69.2361)	(111, 69.1478)	(112, 68.6051)	(113, 68.9158)	(114, 67.5959)	(115, 69.463)	(116, 69.6546)	(117, 67.9006)	(118, 67.9439)	(119, 69.36149999999999)	(120, 68.4953)	(121, 70.596)	(122, 69.5693)	(123, 68.5442)	(124, 68.19420000000001)	(125, 68.7264)	(126, 68.8874)	(127, 68.4351)	(128, 68.5568)	(129, 67.9807)	(130, 69.3274)	(131, 69.504)	(132, 67.4706)	(133, 68.7534)	(134, 68.7165)	(135, 67.3537)	(136, 69.6946)	(137, 68.4671)	(138, 67.6789)	(139, 68.6608)	(140, 69.3457)	(141, 67.7798)	(142, 68.96170000000001)	(143, 68.9516)	(144, 68.3464)	(145, 69.1281)	(146, 69.3124)	(147, 67.6472)	(148, 68.00880000000001)	(149, 68.67609999999999)	(150, 67.191)
M145_2_4	(1, 75.2126)	(2, 66.1684)	(3, 68.1633)	(4, 70.3646)	(5, 65.1813)	(6, 62.812)	(7, 62.734100000000005)	(8, 68.7542)	(9, 66.6238)	(10, 62.9958)	(11, 72.0975)	(12, 69.6411)	(13, 68.6296)	(14, 69.15440000000001)	(15, 67.7037)	(16, 69.7714)	(17, 69.06989999999999)	(18, 67.3435)	(19, 67.5442)	(20, 67.3143)	(21, 67.6671)	(22, 68.0414)	(23, 68.30000000000001)	(24, 65.607)	(25, 68.5213)	(26, 69.1862)	(27, 66.157)	(28, 68.4)	(29, 68.7354)	(30, 67.5647)	(31, 68.7287)	(32, 67.2406)	(33, 66.0663)	(34, 68.7467)	(35, 68.7882)	(36, 67.435)	(37, 67.85210000000001)	(38, 68.3701)	(39, 66.6374)	(40, 68.32780000000001)	(41, 68.943)	(42, 66.3324)	(43, 67.7925)	(44, 68.0566)	(45, 66.0295)	(46, 66.8605)	(47, 68.7674)	(48, 68.29039999999999)	(49, 69.0668)	(50, 68.357)	(51, 67.69760000000001)	(52, 68.88499999999999)	(53, 67.1725)	(54, 65.7313)	(55, 67.4606)	(56, 67.2645)	(57, 65.8821)	(58, 68.2814)	(59, 67.6104)	(60, 67.0188)	(61, 68.2777)	(62, 66.97619999999999)	(63, 65.8534)	(64, 66.6746)	(65, 66.5186)	(66, 67.94489999999999)	(67, 68.53089999999999)	(68, 67.2018)	(69, 67.3741)	(70, 67.4156)	(71, 69.2838)	(72, 68.0)	(73, 69.53620000000001)	(74, 69.1248)	(75, 68.2558)	(76, 67.7037)	(77, 67.8792)	(78, 65.9424)	(79, 68.1638)	(80, 66.7964)	(81, 66.5242)	(82, 67.6103)	(83, 67.4852)	(84, 67.1297)	(85, 68.1323)	(86, 70.865)	(87, 69.5741)	(88, 69.3106)	(89, 70.082)	(90, 66.621)	(91, 68.4614)	(92, 69.3368)	(93, 67.7187)	(94, 69.2716)	(95, 69.6887)	(96, 68.662)	(97, 68.7834)	(98, 70.5122)	(99, 69.765)	(100, 70.6052)	(101, 71.1325)	(102, 69.1802)	(103, 69.098)	(104, 69.5353)	(105, 67.5789)	(106, 70.3471)	(107, 70.4276)	(108, 67.9542)	(109, 69.7219)	(110, 69.7084)	(111, 69.5784)	(112, 67.8453)	(113, 69.4094)	(114, 68.20960000000001)	(115, 68.70049999999999)	(116, 70.01849999999999)	(117, 68.84559999999999)	(118, 68.91669999999999)	(119, 69.7499)	(120, 67.5696)	(121, 69.2508)	(122, 70.0956)	(123, 69.3887)	(124, 69.5129)	(125, 69.6886)	(126, 69.45660000000001)	(127, 68.0459)	(128, 69.4122)	(129, 68.8084)	(130, 69.9841)	(131, 69.1635)	(132, 68.4207)	(133, 69.3591)	(134, 69.5416)	(135, 66.8389)	(136, 69.6325)	(137, 67.7097)	(138, 66.68469999999999)	(139, 68.6447)	(140, 68.5574)	(141, 68.05330000000001)	(142, 68.38929999999999)	(143, 69.4689)	(144, 68.538)	(145, 68.27929999999999)	(146, 68.3468)	(147, 67.7701)	(148, 68.5431)	(149, 69.2986)	(150, 66.37960000000001)
M145_3_2	(1, 76.4252)	(2, 65.96039999999999)	(3, 69.2688)	(4, 71.3086)	(5, 63.85960000000001)	(6, 62.7152)	(7, 62.2636)	(8, 68.6833)	(9, 66.0659)	(10, 62.4264)	(11, 72.3891)	(12, 69.81150000000001)	(13, 69.33200000000001)	(14, 68.6535)	(15, 67.8407)	(16, 70.3207)	(17, 68.39920000000001)	(18, 67.0717)	(19, 67.277)	(20, 66.1813)	(21, 67.733)	(22, 68.3011)	(23, 67.991)	(24, 64.86229999999999)	(25, 69.0674)	(26, 68.94200000000001)	(27, 65.5451)	(28, 68.6377)	(29, 67.9274)	(30, 67.3228)	(31, 68.87910000000001)	(32, 66.0997)	(33, 65.1204)	(34, 69.1898)	(35, 68.4192)	(36, 67.2411)	(37, 67.8199)	(38, 68.3437)	(39, 65.6012)	(40, 68.2157)	(41, 67.995)	(42, 65.3639)	(43, 67.1239)	(44, 66.9775)	(45, 65.1218)	(46, 65.72829999999999)	(47, 68.201)	(48, 68.2445)	(49, 69.0589)	(50, 67.40559999999999)	(51, 67.34360000000001)	(52, 68.4067)	(53, 65.36760000000001)	(54, 64.364)	(55, 66.9652)	(56, 65.821)	(57, 64.9308)	(58, 68.2643)	(59, 66.1083)	(60, 66.61019999999999)	(61, 67.9029)	(62, 66.0158)	(63, 65.2574)	(64, 66.2173)	(65, 65.1365)	(66, 67.3022)	(67, 67.8458)	(68, 65.54860000000001)	(69, 67.2956)	(70, 67.2558)	(71, 68.7854)	(72, 67.88159999999999)	(73, 69.2677)	(74, 69.1531)	(75, 68.1395)	(76, 67.43390000000001)	(77, 66.58699999999999)	(78, 64.689)	(79, 67.3056)	(80, 65.189)	(81, 65.8789)	(82, 67.43050000000001)	(83, 66.4994)	(84, 66.72200000000001)	(85, 68.0745)	(86, 70.84740000000001)	(87, 69.61880000000001)	(88, 69.4653)	(89, 70.248)	(90, 65.6524)	(91, 68.2828)	(92, 69.348)	(93, 67.56450000000001)	(94, 69.2753)	(95, 69.4666)	(96, 69.1754)	(97, 69.0091)	(98, 70.824)	(99, 70.1512)	(100, 70.95280000000001)	(101, 70.8081)	(102, 68.9564)	(103, 68.5386)	(104, 68.9746)	(105, 66.816)	(106, 70.82589999999999)	(107, 70.3723)	(108, 67.3725)	(109, 69.7257)	(110, 70.0501)	(111, 70.1351)	(112, 68.0771)	(113, 69.0314)	(114, 68.14280000000001)	(115, 68.9692)	(116, 70.41760000000001)	(117, 68.7949)	(118, 68.5838)	(119, 69.7839)	(120, 67.4747)	(121, 69.53399999999999)	(122, 69.6648)	(123, 69.4036)	(124, 69.15350000000001)	(125, 69.2291)	(126, 69.7062)	(127, 67.41080000000001)	(128, 68.6584)	(129, 68.6356)	(130, 70.1323)	(131, 68.2526)	(132, 67.8659)	(133, 69.41720000000001)	(134, 69.2495)	(135, 66.01939999999999)	(136, 69.643)	(137, 66.59270000000001)	(138, 65.7216)	(139, 68.8102)	(140, 67.6755)	(141, 68.025)	(142, 67.6608)	(143, 69.0028)	(144, 68.78649999999999)	(145, 67.9696)	(146, 67.8106)	(147, 68.1922)	(148, 68.7585)	(149, 68.9781)	(150, 66.07650000000001)
M145_3_3	(1, 76.9989)	(2, 64.67779999999999)	(3, 67.2633)	(4, 69.66)	(5, 64.5086)	(6, 63.769)	(7, 62.679300000000005)	(8, 68.2582)	(9, 64.9139)	(10, 62.4413)	(11, 71.7089)	(12, 70.65599999999999)	(13, 67.6617)	(14, 67.14959999999999)	(15, 65.74069999999999)	(16, 68.8948)	(17, 66.9501)	(18, 68.02430000000001)	(19, 65.7106)	(20, 66.4683)	(21, 66.5994)	(22, 66.83670000000001)	(23, 69.0222)	(24, 65.1608)	(25, 67.8484)	(26, 67.8862)	(27, 65.52210000000001)	(28, 66.8742)	(29, 66.0931)	(30, 65.42869999999999)	(31, 67.5175)	(32, 66.6775)	(33, 65.6644)	(34, 67.6921)	(35, 67.0601)	(36, 65.39359999999999)	(37, 68.1987)	(38, 67.3266)	(39, 65.9001)	(40, 66.79469999999999)	(41, 66.7843)	(42, 65.3579)	(43, 65.3438)	(44, 65.6407)	(45, 65.52510000000001)	(46, 65.9328)	(47, 66.8941)	(48, 66.4863)	(49, 66.7061)	(50, 65.0319)	(51, 65.3845)	(52, 67.074)	(53, 65.82050000000001)	(54, 65.13170000000001)	(55, 65.80279999999999)	(56, 66.6984)	(57, 65.7385)	(58, 67.0118)	(59, 66.5207)	(60, 65.1368)	(61, 66.3774)	(62, 66.8291)	(63, 66.4683)	(64, 67.1126)	(65, 65.5767)	(66, 66.3703)	(67, 66.17920000000001)	(68, 65.8934)	(69, 66.00789999999999)	(70, 67.3176)	(71, 67.403)	(72, 65.8664)	(73, 67.1644)	(74, 67.5604)	(75, 67.059)	(76, 68.3622)	(77, 68.3775)	(78, 66.1816)	(79, 69.3121)	(80, 66.7381)	(81, 67.7207)	(82, 69.2558)	(83, 68.3805)	(84, 68.44839999999999)	(85, 69.0907)	(86, 70.4232)	(87, 68.3498)	(88, 67.63900000000001)	(89, 69.5048)	(90, 66.0694)	(91, 69.4928)	(92, 68.8015)	(93, 68.2022)	(94, 68.294)	(95, 68.7998)	(96, 70.5341)	(97, 70.0407)	(98, 70.2719)	(99, 68.8834)	(100, 69.3138)	(101, 69.9605)	(102, 68.1002)	(103, 69.8895)	(104, 71.0223)	(105, 67.9349)	(106, 70.4636)	(107, 69.70060000000001)	(108, 67.7927)	(109, 68.4537)	(110, 68.9476)	(111, 69.1917)	(112, 68.10730000000001)	(113, 68.23010000000001)	(114, 66.7483)	(115, 69.3545)	(116, 69.47240000000001)	(117, 67.22)	(118, 66.6522)	(119, 68.99300000000001)	(120, 68.2804)	(121, 70.79809999999999)	(122, 69.0252)	(123, 68.02510000000001)	(124, 67.0497)	(125, 67.784)	(126, 68.6793)	(127, 67.2748)	(128, 67.3447)	(129, 67.252)	(130, 68.8099)	(131, 68.86240000000001)	(132, 66.4196)	(133, 67.9277)	(134, 67.9717)	(135, 66.4044)	(136, 69.2229)	(137, 67.4704)	(138, 66.8593)	(139, 67.9004)	(140, 68.7381)	(141, 67.07379999999999)	(142, 68.0544)	(143, 68.149)	(144, 68.0068)	(145, 68.6237)	(146, 68.8737)	(147, 67.0422)	(148, 66.984)	(149, 67.9088)	(150, 66.333)
M145_3_4	(1, 77.5937)	(2, 64.81360000000001)	(3, 68.15729999999999)	(4, 70.6125)	(5, 65.26859999999999)	(6, 64.8699)	(7, 63.49209999999999)	(8, 68.63759999999999)	(9, 65.3882)	(10, 63.3329)	(11, 71.9574)	(12, 71.0617)	(13, 68.5315)	(14, 67.6805)	(15, 66.3323)	(16, 69.4187)	(17, 67.4019)	(18, 68.5372)	(19, 66.3998)	(20, 66.9659)	(21, 67.0337)	(22, 67.583)	(23, 69.54209999999999)	(24, 65.6482)	(25, 68.5726)	(26, 68.2505)	(27, 66.13510000000001)	(28, 67.5508)	(29, 66.3554)	(30, 65.989)	(31, 68.0917)	(32, 66.8997)	(33, 66.229)	(34, 68.19330000000001)	(35, 67.2509)	(36, 65.9246)	(37, 68.83890000000001)	(38, 67.656)	(39, 66.39930000000001)	(40, 67.4349)	(41, 66.95400000000001)	(42, 65.8745)	(43, 65.9046)	(44, 66.0613)	(45, 66.1782)	(46, 66.5599)	(47, 67.2643)	(48, 66.8537)	(49, 67.3509)	(50, 65.3376)	(51, 65.9072)	(52, 67.5553)	(53, 66.1949)	(54, 65.5517)	(55, 66.2311)	(56, 66.6897)	(57, 66.17349999999999)	(58, 67.4489)	(59, 66.5541)	(60, 65.5119)	(61, 66.8589)	(62, 67.1014)	(63, 66.949)	(64, 67.5658)	(65, 65.9456)	(66, 66.7813)	(67, 66.425)	(68, 66.221)	(69, 66.3963)	(70, 67.6793)	(71, 67.545)	(72, 66.3736)	(73, 67.4633)	(74, 67.7714)	(75, 67.2745)	(76, 68.5528)	(77, 68.37490000000001)	(78, 66.5502)	(79, 69.5317)	(80, 67.0699)	(81, 68.0029)	(82, 69.399)	(83, 68.52629999999999)	(84, 68.8315)	(85, 69.4517)	(86, 70.6068)	(87, 68.68849999999999)	(88, 68.0674)	(89, 69.8133)	(90, 66.59049999999999)	(91, 69.8967)	(92, 69.147)	(93, 68.41760000000001)	(94, 68.5735)	(95, 69.0193)	(96, 70.7402)	(97, 70.3159)	(98, 70.4117)	(99, 69.18260000000001)	(100, 69.5613)	(101, 70.05)	(102, 68.3152)	(103, 70.283)	(104, 71.2292)	(105, 68.29499999999999)	(106, 70.6845)	(107, 69.63390000000001)	(108, 68.2469)	(109, 68.82000000000001)	(110, 69.0461)	(111, 69.4137)	(112, 68.4911)	(113, 68.3406)	(114, 67.1303)	(115, 69.5666)	(116, 69.5116)	(117, 67.4819)	(118, 66.9474)	(119, 69.04860000000001)	(120, 68.6009)	(121, 71.0492)	(122, 68.9805)	(123, 68.4011)	(124, 67.2937)	(125, 68.0484)	(126, 69.0098)	(127, 67.8664)	(128, 67.5317)	(129, 67.6541)	(130, 69.1632)	(131, 69.06609999999999)	(132, 66.71780000000001)	(133, 68.2625)	(134, 68.052)	(135, 66.789)	(136, 69.5643)	(137, 67.4581)	(138, 67.1619)	(139, 68.28999999999999)	(140, 68.8658)	(141, 67.4802)	(142, 68.2809)	(143, 68.29079999999999)	(144, 68.3382)	(145, 68.9555)	(146, 68.9329)	(147, 67.3185)	(148, 67.3487)	(149, 68.14949999999999)	(150, 66.7621)
