Sample	0	1	2	3	4	5	6	7	8	9	10	11	12	13	14	15	16	17	18	19	20	21	22	23	24	25	26	27	28	29	30	31	32	33	34	35	36	37	38	39	40	41	42	43	44	45	46	47	48	49	50	51	52	53	54	55	56	57	58	59	60	61	62	63	64	65	66	67	68	69	70	71	72	73	74	75	76	77	78	79	80	81	82	83	84	85	86	87	88	89	90	91	92	93	94	95	96	97	98	99	100	101	102	103	104	105	106	107	108	109	110	111	112	113	114	115	116	117	118	119	120	121	122	123	124	125	126	127	128	129	130	131	132	133	134	135	136	137	138	139	140	141	142	143	144	145	146	147	148	149
M145_1_1	(1, 39.2304)	(2, 39.0112)	(3, 39.3432)	(4, 39.3058)	(5, 39.43)	(6, 39.4519)	(7, 39.3582)	(8, 39.3665)	(9, 39.4477)	(10, 39.3634)	(11, 39.4162)	(12, 39.4767)	(13, 39.4439)	(14, 39.4285)	(15, 39.4295)	(16, 39.4127)	(17, 39.3926)	(18, 39.3554)	(19, 39.404)	(20, 39.4079)	(21, 39.381)	(22, 39.3933)	(23, 39.4145)	(24, 39.4166)	(25, 39.3852)	(26, 39.4279)	(27, 39.4114)	(28, 39.4018)	(29, 39.4054)	(30, 39.4058)	(31, 39.4109)	(32, 39.416)	(33, 39.3715)	(34, 39.4003)	(35, 39.4042)	(36, 39.3709)	(37, 39.3711)	(38, 39.3663)	(39, 39.2574)	(40, 39.3586)	(41, 39.3586)	(42, 39.2553)	(43, 39.3487)	(44, 39.3423)	(45, 39.3209)	(46, 39.3234)	(47, 39.3057)	(48, 39.3046)	(49, 39.309)	(50, 39.328)	(51, 39.2937)	(52, 39.2878)	(53, 39.2783)	(54, 39.2749)	(55, 39.2726)	(56, 39.2456)	(57, 39.2396)	(58, 39.2582)	(59, 39.2355)	(60, 39.2129)	(61, 39.2208)	(62, 39.2222)	(63, 39.1986)	(64, 39.1952)	(65, 39.1875)	(66, 39.1696)	(67, 39.1817)	(68, 38.9816)	(69, 39.1361)	(70, 39.1609)	(71, 39.1242)	(72, 39.1401)	(73, 39.1347)	(74, 39.1124)	(75, 39.1045)	(76, 39.0754)	(77, 39.0914)	(78, 39.0957)	(79, 39.0851)	(80, 39.0522)	(81, 39.0545)	(82, 39.0497)	(83, 39.0402)	(84, 39.0208)	(85, 39.0295)	(86, 38.984)	(87, 38.999)	(88, 38.999)	(89, 38.919)	(90, 38.9723)	(91, 38.9617)	(92, 38.9624)	(93, 38.939)	(94, 38.9167)	(95, 38.9303)	(96, 38.8895)	(97, 38.8987)	(98, 38.9044)	(99, 38.8831)	(100, 38.879)	(101, 38.8822)	(102, 38.8526)	(103, 38.8453)	(104, 38.8375)	(105, 38.8222)	(106, 38.8228)	(107, 38.8299)	(108, 38.7069)	(109, 38.7719)	(110, 38.7733)	(111, 38.7514)	(112, 38.7328)	(113, 38.7353)	(114, 38.7182)	(115, 38.7207)	(116, 38.7182)	(117, 38.6948)	(118, 38.6261)	(119, 38.6709)	(120, 38.6678)	(121, 38.6383)	(122, 38.6493)	(123, 38.5859)	(124, 38.5945)	(125, 38.6153)	(126, 38.606)	(127, 38.5977)	(128, 38.5743)	(129, 38.5059)	(130, 38.5375)	(131, 38.5527)	(132, 38.5302)	(133, 38.3435)	(134, 38.513)	(135, 38.5261)	(136, 38.5189)	(137, 38.5093)	(138, 38.5024)	(139, 38.5033)	(140, 38.5164)	(141, 38.5006)	(142, 38.5038)	(143, 38.4907)	(144, 38.5412)	(145, 38.5603)	(146, 38.572)	(147, 38.5987)	(148, 38.6132)	(149, 38.6275)	(150, 38.5891)
M145_1_2	(1, 39.2176)	(2, 38.9962)	(3, 39.3395)	(4, 39.3059)	(5, 39.44)	(6, 39.4512)	(7, 39.3645)	(8, 39.3708)	(9, 39.4473)	(10, 39.3657)	(11, 39.4221)	(12, 39.4797)	(13, 39.4445)	(14, 39.4293)	(15, 39.4311)	(16, 39.4097)	(17, 39.3932)	(18, 39.3533)	(19, 39.4029)	(20, 39.4088)	(21, 39.3831)	(22, 39.3921)	(23, 39.4153)	(24, 39.4188)	(25, 39.3871)	(26, 39.4286)	(27, 39.4097)	(28, 39.4007)	(29, 39.4052)	(30, 39.4024)	(31, 39.4106)	(32, 39.4211)	(33, 39.3712)	(34, 39.3996)	(35, 39.4014)	(36, 39.3691)	(37, 39.3724)	(38, 39.3647)	(39, 39.2578)	(40, 39.354)	(41, 39.3565)	(42, 39.2499)	(43, 39.3479)	(44, 39.3387)	(45, 39.3175)	(46, 39.3232)	(47, 39.3044)	(48, 39.3051)	(49, 39.3082)	(50, 39.3296)	(51, 39.2962)	(52, 39.2889)	(53, 39.2776)	(54, 39.2719)	(55, 39.2711)	(56, 39.2466)	(57, 39.2395)	(58, 39.2575)	(59, 39.2362)	(60, 39.2117)	(61, 39.2216)	(62, 39.222)	(63, 39.1991)	(64, 39.1957)	(65, 39.1865)	(66, 39.1686)	(67, 39.1804)	(68, 38.9837)	(69, 39.1444)	(70, 39.1634)	(71, 39.1253)	(72, 39.1427)	(73, 39.1368)	(74, 39.1163)	(75, 39.1081)	(76, 39.0763)	(77, 39.0948)	(78, 39.0959)	(79, 39.0849)	(80, 39.0515)	(81, 39.053)	(82, 39.0496)	(83, 39.0386)	(84, 39.0218)	(85, 39.0299)	(86, 38.9783)	(87, 39.0039)	(88, 38.9997)	(89, 38.9192)	(90, 38.9724)	(91, 38.9587)	(92, 38.9649)	(93, 38.9394)	(94, 38.9216)	(95, 38.9378)	(96, 38.893)	(97, 38.9012)	(98, 38.9045)	(99, 38.8885)	(100, 38.8816)	(101, 38.8853)	(102, 38.8545)	(103, 38.8476)	(104, 38.8408)	(105, 38.8257)	(106, 38.8279)	(107, 38.833)	(108, 38.7105)	(109, 38.7797)	(110, 38.7803)	(111, 38.7539)	(112, 38.7405)	(113, 38.742)	(114, 38.7231)	(115, 38.7232)	(116, 38.7211)	(117, 38.7001)	(118, 38.6314)	(119, 38.6746)	(120, 38.6712)	(121, 38.6454)	(122, 38.656)	(123, 38.5903)	(124, 38.6019)	(125, 38.6145)	(126, 38.6037)	(127, 38.6004)	(128, 38.58)	(129, 38.5083)	(130, 38.5408)	(131, 38.5573)	(132, 38.538)	(133, 38.3452)	(134, 38.5134)	(135, 38.5332)	(136, 38.5194)	(137, 38.5103)	(138, 38.5044)	(139, 38.5038)	(140, 38.5169)	(141, 38.5042)	(142, 38.5026)	(143, 38.4932)	(144, 38.5379)	(145, 38.5617)	(146, 38.567)	(147, 38.5946)	(148, 38.6099)	(149, 38.6249)	(150, 38.5791)
M145_1_3	(1, 39.235)	(2, 39.104)	(3, 39.3404)	(4, 39.3158)	(5, 39.4255)	(6, 39.4401)	(7, 39.3442)	(8, 39.3693)	(9, 39.4446)	(10, 39.3566)	(11, 39.4024)	(12, 39.4695)	(13, 39.4303)	(14, 39.4133)	(15, 39.4096)	(16, 39.4148)	(17, 39.3902)	(18, 39.418)	(19, 39.402)	(20, 39.4117)	(21, 39.379)	(22, 39.4021)	(23, 39.4185)	(24, 39.4275)	(25, 39.4296)	(26, 39.4391)	(27, 39.4261)	(28, 39.4034)	(29, 39.4133)	(30, 39.4123)	(31, 39.4086)	(32, 39.4134)	(33, 39.3952)	(34, 39.3994)	(35, 39.3964)	(36, 39.386)	(37, 39.3775)	(38, 39.3744)	(39, 39.3486)	(40, 39.3687)	(41, 39.3761)	(42, 39.3377)	(43, 39.3606)	(44, 39.3507)	(45, 39.3342)	(46, 39.3382)	(47, 39.318)	(48, 39.313)	(49, 39.3236)	(50, 39.3352)	(51, 39.3148)	(52, 39.3067)	(53, 39.3045)	(54, 39.2922)	(55, 39.2883)	(56, 39.2674)	(57, 39.2593)	(58, 39.2767)	(59, 39.2457)	(60, 39.236)	(61, 39.2524)	(62, 39.2259)	(63, 39.2107)	(64, 39.2174)	(65, 39.213)	(66, 39.1963)	(67, 39.2051)	(68, 39.0997)	(69, 39.1721)	(70, 39.1832)	(71, 39.152)	(72, 39.1693)	(73, 39.1581)	(74, 39.1473)	(75, 39.1426)	(76, 39.1378)	(77, 39.1113)	(78, 39.1237)	(79, 39.0832)	(80, 39.0728)	(81, 39.082)	(82, 39.0756)	(83, 39.0687)	(84, 39.0533)	(85, 39.0515)	(86, 39.0054)	(87, 39.0333)	(88, 39.0258)	(89, 39.0168)	(90, 39.0062)	(91, 38.9839)	(92, 38.9905)	(93, 38.9714)	(94, 38.9406)	(95, 38.9652)	(96, 38.9436)	(97, 38.9274)	(98, 38.9182)	(99, 38.9075)	(100, 38.9079)	(101, 38.8996)	(102, 38.8777)	(103, 38.8785)	(104, 38.872)	(105, 38.8408)	(106, 38.8543)	(107, 38.8699)	(108, 38.8224)	(109, 38.7961)	(110, 38.8098)	(111, 38.7931)	(112, 38.7598)	(113, 38.7709)	(114, 38.7499)	(115, 38.7578)	(116, 38.7498)	(117, 38.7346)	(118, 38.7227)	(119, 38.7005)	(120, 38.6531)	(121, 38.6691)	(122, 38.6812)	(123, 38.5468)	(124, 38.6537)	(125, 38.6426)	(126, 38.6354)	(127, 38.6353)	(128, 38.6004)	(129, 38.5804)	(130, 38.5382)	(131, 38.5649)	(132, 38.562)	(133, 38.2596)	(134, 38.5538)	(135, 38.5661)	(136, 38.544)	(137, 38.5353)	(138, 38.5409)	(139, 38.5326)	(140, 38.5324)	(141, 38.531)	(142, 38.5273)	(143, 38.5447)	(144, 38.5418)	(145, 38.593)	(146, 38.6286)	(147, 38.6537)	(148, 38.6335)	(149, 38.6571)	(150, 38.6207)
M145_2_1	(1, 39.2671)	(2, 39.1113)	(3, 39.346)	(4, 39.3391)	(5, 39.4392)	(6, 39.4597)	(7, 39.3811)	(8, 39.3872)	(9, 39.4616)	(10, 39.3855)	(11, 39.4168)	(12, 39.4722)	(13, 39.4468)	(14, 39.4275)	(15, 39.4355)	(16, 39.4385)	(17, 39.4105)	(18, 39.4465)	(19, 39.4219)	(20, 39.4317)	(21, 39.3983)	(22, 39.4168)	(23, 39.4268)	(24, 39.4326)	(25, 39.4355)	(26, 39.4466)	(27, 39.4287)	(28, 39.4103)	(29, 39.4221)	(30, 39.4238)	(31, 39.4196)	(32, 39.4151)	(33, 39.3984)	(34, 39.4049)	(35, 39.3998)	(36, 39.3958)	(37, 39.3822)	(38, 39.3831)	(39, 39.3514)	(40, 39.3689)	(41, 39.382)	(42, 39.3342)	(43, 39.3656)	(44, 39.3559)	(45, 39.3343)	(46, 39.3388)	(47, 39.3086)	(48, 39.3173)	(49, 39.3327)	(50, 39.3412)	(51, 39.3133)	(52, 39.3077)	(53, 39.302)	(54, 39.2915)	(55, 39.2935)	(56, 39.2569)	(57, 39.2521)	(58, 39.2836)	(59, 39.2416)	(60, 39.2249)	(61, 39.247)	(62, 39.2246)	(63, 39.2044)	(64, 39.2073)	(65, 39.2058)	(66, 39.1847)	(67, 39.1947)	(68, 39.0949)	(69, 39.1587)	(70, 39.1787)	(71, 39.1582)	(72, 39.1795)	(73, 39.1725)	(74, 39.1481)	(75, 39.1509)	(76, 39.1473)	(77, 39.1184)	(78, 39.1339)	(79, 39.092)	(80, 39.0822)	(81, 39.0944)	(82, 39.0898)	(83, 39.0747)	(84, 39.0562)	(85, 39.0615)	(86, 39.018)	(87, 39.0393)	(88, 39.034)	(89, 39.0312)	(90, 39.0198)	(91, 38.9851)	(92, 39.0079)	(93, 38.9922)	(94, 38.9529)	(95, 38.9895)	(96, 38.9652)	(97, 38.9562)	(98, 38.9458)	(99, 38.9362)	(100, 38.9426)	(101, 38.9287)	(102, 38.8994)	(103, 38.9056)	(104, 38.8982)	(105, 38.8742)	(106, 38.8881)	(107, 38.8986)	(108, 38.8516)	(109, 38.8187)	(110, 38.8377)	(111, 38.8113)	(112, 38.7844)	(113, 38.803)	(114, 38.7719)	(115, 38.7866)	(116, 38.7756)	(117, 38.7572)	(118, 38.7541)	(119, 38.7216)	(120, 38.6813)	(121, 38.6979)	(122, 38.7175)	(123, 38.5765)	(124, 38.6758)	(125, 38.6763)	(126, 38.6523)	(127, 38.659)	(128, 38.629)	(129, 38.6072)	(130, 38.5744)	(131, 38.5885)	(132, 38.5902)	(133, 38.2937)	(134, 38.5677)	(135, 38.6032)	(136, 38.5805)	(137, 38.5684)	(138, 38.5715)	(139, 38.5685)	(140, 38.5659)	(141, 38.5622)	(142, 38.5604)	(143, 38.5794)	(144, 38.5885)	(145, 38.6334)	(146, 38.67)	(147, 38.6824)	(148, 38.6642)	(149, 38.7018)	(150, 38.6577)
M145_2_3	(1, 39.268)	(2, 39.102)	(3, 39.3499)	(4, 39.3063)	(5, 39.4241)	(6, 39.4478)	(7, 39.3608)	(8, 39.3611)	(9, 39.4597)	(10, 39.364)	(11, 39.4186)	(12, 39.4763)	(13, 39.4469)	(14, 39.4281)	(15, 39.4273)	(16, 39.4245)	(17, 39.4007)	(18, 39.4338)	(19, 39.4071)	(20, 39.4217)	(21, 39.3786)	(22, 39.403)	(23, 39.4178)	(24, 39.4339)	(25, 39.4284)	(26, 39.4417)	(27, 39.4131)	(28, 39.3961)	(29, 39.4103)	(30, 39.4125)	(31, 39.4085)	(32, 39.4129)	(33, 39.3874)	(34, 39.4011)	(35, 39.3877)	(36, 39.3923)	(37, 39.3804)	(38, 39.3778)	(39, 39.3497)	(40, 39.3647)	(41, 39.3773)	(42, 39.3397)	(43, 39.3633)	(44, 39.3548)	(45, 39.3378)	(46, 39.3358)	(47, 39.3117)	(48, 39.3139)	(49, 39.3329)	(50, 39.3307)	(51, 39.3161)	(52, 39.3085)	(53, 39.3022)	(54, 39.2893)	(55, 39.2946)	(56, 39.2702)	(57, 39.2456)	(58, 39.284)	(59, 39.2456)	(60, 39.2488)	(61, 39.2529)	(62, 39.2258)	(63, 39.2051)	(64, 39.212)	(65, 39.2141)	(66, 39.2012)	(67, 39.2084)	(68, 39.1084)	(69, 39.1943)	(70, 39.1944)	(71, 39.1581)	(72, 39.1787)	(73, 39.175)	(74, 39.16)	(75, 39.151)	(76, 39.1445)	(77, 39.1193)	(78, 39.1383)	(79, 39.0862)	(80, 39.0815)	(81, 39.0851)	(82, 39.0791)	(83, 39.0674)	(84, 39.0463)	(85, 39.0467)	(86, 39.0063)	(87, 39.0247)	(88, 39.0294)	(89, 39.0288)	(90, 39.0138)	(91, 38.9963)	(92, 39.0065)	(93, 38.983)	(94, 38.9623)	(95, 38.992)	(96, 38.958)	(97, 38.9487)	(98, 38.9359)	(99, 38.9209)	(100, 38.9266)	(101, 38.9115)	(102, 38.8846)	(103, 38.8924)	(104, 38.878)	(105, 38.853)	(106, 38.8638)	(107, 38.8803)	(108, 38.8326)	(109, 38.8197)	(110, 38.8223)	(111, 38.7942)	(112, 38.7745)	(113, 38.7877)	(114, 38.7496)	(115, 38.7739)	(116, 38.7584)	(117, 38.7423)	(118, 38.7332)	(119, 38.7125)	(120, 38.6643)	(121, 38.6732)	(122, 38.6927)	(123, 38.5579)	(124, 38.6548)	(125, 38.6606)	(126, 38.6404)	(127, 38.644)	(128, 38.6133)	(129, 38.5868)	(130, 38.5533)	(131, 38.5721)	(132, 38.5762)	(133, 38.2949)	(134, 38.5809)	(135, 38.5882)	(136, 38.5696)	(137, 38.561)	(138, 38.5513)	(139, 38.5544)	(140, 38.5445)	(141, 38.5592)	(142, 38.55)	(143, 38.5563)	(144, 38.566)	(145, 38.6089)	(146, 38.6459)	(147, 38.6589)	(148, 38.6402)	(149, 38.6776)	(150, 38.6459)
M145_2_4	(1, 39.2678)	(2, 39.1234)	(3, 39.3713)	(4, 39.3486)	(5, 39.45)	(6, 39.4708)	(7, 39.3913)	(8, 39.4014)	(9, 39.4794)	(10, 39.395)	(11, 39.4365)	(12, 39.4873)	(13, 39.4544)	(14, 39.4373)	(15, 39.4403)	(16, 39.449)	(17, 39.4201)	(18, 39.4463)	(19, 39.426)	(20, 39.4439)	(21, 39.4012)	(22, 39.429)	(23, 39.4347)	(24, 39.4408)	(25, 39.4384)	(26, 39.4555)	(27, 39.4344)	(28, 39.4151)	(29, 39.4251)	(30, 39.4258)	(31, 39.4231)	(32, 39.4216)	(33, 39.397)	(34, 39.4079)	(35, 39.4082)	(36, 39.4054)	(37, 39.3957)	(38, 39.3922)	(39, 39.3592)	(40, 39.3783)	(41, 39.3919)	(42, 39.3492)	(43, 39.3756)	(44, 39.3601)	(45, 39.3469)	(46, 39.3469)	(47, 39.3257)	(48, 39.332)	(49, 39.345)	(50, 39.3462)	(51, 39.3285)	(52, 39.3209)	(53, 39.3105)	(54, 39.3017)	(55, 39.3071)	(56, 39.2817)	(57, 39.2666)	(58, 39.2967)	(59, 39.2534)	(60, 39.2377)	(61, 39.2573)	(62, 39.2421)	(63, 39.2118)	(64, 39.2178)	(65, 39.2154)	(66, 39.207)	(67, 39.2181)	(68, 39.1188)	(69, 39.1908)	(70, 39.2018)	(71, 39.1729)	(72, 39.195)	(73, 39.1834)	(74, 39.1595)	(75, 39.1642)	(76, 39.1568)	(77, 39.1347)	(78, 39.1443)	(79, 39.1012)	(80, 39.0969)	(81, 39.1031)	(82, 39.0993)	(83, 39.0868)	(84, 39.0642)	(85, 39.0678)	(86, 39.0301)	(87, 39.0485)	(88, 39.0486)	(89, 39.0385)	(90, 39.0297)	(91, 38.9989)	(92, 39.0206)	(93, 38.9946)	(94, 38.9634)	(95, 39.0014)	(96, 38.9783)	(97, 38.9692)	(98, 38.9568)	(99, 38.9435)	(100, 38.9484)	(101, 38.9372)	(102, 38.9115)	(103, 38.9137)	(104, 38.9061)	(105, 38.8877)	(106, 38.9007)	(107, 38.9114)	(108, 38.8624)	(109, 38.8327)	(110, 38.8525)	(111, 38.8232)	(112, 38.8034)	(113, 38.8185)	(114, 38.7874)	(115, 38.8035)	(116, 38.7918)	(117, 38.7715)	(118, 38.7664)	(119, 38.746)	(120, 38.7044)	(121, 38.7146)	(122, 38.7329)	(123, 38.6082)	(124, 38.7019)	(125, 38.698)	(126, 38.675)	(127, 38.6819)	(128, 38.6533)	(129, 38.6331)	(130, 38.5977)	(131, 38.6212)	(132, 38.6161)	(133, 38.327)	(134, 38.5944)	(135, 38.6247)	(136, 38.6078)	(137, 38.5955)	(138, 38.6027)	(139, 38.5949)	(140, 38.595)	(141, 38.5872)	(142, 38.5845)	(143, 38.6091)	(144, 38.6059)	(145, 38.653)	(146, 38.6838)	(147, 38.699)	(148, 38.6906)	(149, 38.7122)	(150, 38.679)
M145_3_2	(1, 39.2592)	(2, 39.1024)	(3, 39.3313)	(4, 39.2956)	(5, 39.4153)	(6, 39.4313)	(7, 39.3475)	(8, 39.3512)	(9, 39.4351)	(10, 39.3218)	(11, 39.383)	(12, 39.455)	(13, 39.41)	(14, 39.3989)	(15, 39.4058)	(16, 39.4045)	(17, 39.3715)	(18, 39.4163)	(19, 39.3788)	(20, 39.4097)	(21, 39.3691)	(22, 39.3942)	(23, 39.4012)	(24, 39.4078)	(25, 39.4175)	(26, 39.4313)	(27, 39.4014)	(28, 39.392)	(29, 39.4082)	(30, 39.407)	(31, 39.4042)	(32, 39.401)	(33, 39.3865)	(34, 39.3935)	(35, 39.3859)	(36, 39.3789)	(37, 39.3699)	(38, 39.3664)	(39, 39.3375)	(40, 39.3523)	(41, 39.3678)	(42, 39.3188)	(43, 39.3522)	(44, 39.3476)	(45, 39.3248)	(46, 39.3242)	(47, 39.293)	(48, 39.3051)	(49, 39.322)	(50, 39.3281)	(51, 39.3022)	(52, 39.2982)	(53, 39.2925)	(54, 39.2848)	(55, 39.2872)	(56, 39.2528)	(57, 39.2434)	(58, 39.28)	(59, 39.2397)	(60, 39.2091)	(61, 39.2368)	(62, 39.2224)	(63, 39.2046)	(64, 39.2049)	(65, 39.202)	(66, 39.1885)	(67, 39.2003)	(68, 39.0947)	(69, 39.1611)	(70, 39.1798)	(71, 39.1529)	(72, 39.1761)	(73, 39.1659)	(74, 39.1392)	(75, 39.1538)	(76, 39.1432)	(77, 39.1199)	(78, 39.1319)	(79, 39.0915)	(80, 39.0835)	(81, 39.092)	(82, 39.091)	(83, 39.0778)	(84, 39.0596)	(85, 39.0659)	(86, 39.0229)	(87, 39.0434)	(88, 39.0397)	(89, 39.0323)	(90, 39.0255)	(91, 38.9881)	(92, 39.0165)	(93, 39.001)	(94, 38.953)	(95, 38.9963)	(96, 38.969)	(97, 38.964)	(98, 38.9524)	(99, 38.9471)	(100, 38.9493)	(101, 38.9348)	(102, 38.9107)	(103, 38.9162)	(104, 38.9055)	(105, 38.8849)	(106, 38.8904)	(107, 38.9084)	(108, 38.8625)	(109, 38.8206)	(110, 38.8499)	(111, 38.8235)	(112, 38.7933)	(113, 38.813)	(114, 38.7822)	(115, 38.8006)	(116, 38.7888)	(117, 38.7697)	(118, 38.7678)	(119, 38.7356)	(120, 38.6954)	(121, 38.703)	(122, 38.7258)	(123, 38.5882)	(124, 38.6815)	(125, 38.6904)	(126, 38.6622)	(127, 38.6798)	(128, 38.6437)	(129, 38.6171)	(130, 38.5886)	(131, 38.6007)	(132, 38.606)	(133, 38.2989)	(134, 38.5719)	(135, 38.6134)	(136, 38.5933)	(137, 38.5717)	(138, 38.5835)	(139, 38.5775)	(140, 38.5785)	(141, 38.5712)	(142, 38.5699)	(143, 38.585)	(144, 38.5985)	(145, 38.6426)	(146, 38.6772)	(147, 38.6893)	(148, 38.6671)	(149, 38.7144)	(150, 38.6698)
M145_3_3	(1, 39.2861)	(2, 39.1032)	(3, 39.3476)	(4, 39.3225)	(5, 39.4202)	(6, 39.4394)	(7, 39.3629)	(8, 39.3606)	(9, 39.4464)	(10, 39.3357)	(11, 39.4058)	(12, 39.4745)	(13, 39.4256)	(14, 39.4257)	(15, 39.4185)	(16, 39.4066)	(17, 39.3891)	(18, 39.4255)	(19, 39.3812)	(20, 39.4134)	(21, 39.3733)	(22, 39.4021)	(23, 39.4082)	(24, 39.4198)	(25, 39.428)	(26, 39.4379)	(27, 39.4122)	(28, 39.3909)	(29, 39.4087)	(30, 39.4119)	(31, 39.4113)	(32, 39.4105)	(33, 39.3868)	(34, 39.4006)	(35, 39.3923)	(36, 39.3881)	(37, 39.3741)	(38, 39.3728)	(39, 39.3494)	(40, 39.3615)	(41, 39.38)	(42, 39.3327)	(43, 39.3595)	(44, 39.3587)	(45, 39.3381)	(46, 39.3378)	(47, 39.2946)	(48, 39.3131)	(49, 39.3284)	(50, 39.3348)	(51, 39.3193)	(52, 39.3089)	(53, 39.3106)	(54, 39.2953)	(55, 39.2995)	(56, 39.2642)	(57, 39.2411)	(58, 39.2928)	(59, 39.2545)	(60, 39.2648)	(61, 39.2601)	(62, 39.2351)	(63, 39.2236)	(64, 39.2273)	(65, 39.2335)	(66, 39.207)	(67, 39.2259)	(68, 39.1312)	(69, 39.2159)	(70, 39.2204)	(71, 39.179)	(72, 39.2081)	(73, 39.1974)	(74, 39.1851)	(75, 39.1815)	(76, 39.1739)	(77, 39.151)	(78, 39.163)	(79, 39.1185)	(80, 39.1142)	(81, 39.1144)	(82, 39.1124)	(83, 39.1008)	(84, 39.0783)	(85, 39.0866)	(86, 39.0418)	(87, 39.0593)	(88, 39.0679)	(89, 39.0704)	(90, 39.0624)	(91, 39.038)	(92, 39.0587)	(93, 39.0403)	(94, 39.0097)	(95, 39.0429)	(96, 39.0079)	(97, 39.0022)	(98, 38.9868)	(99, 38.9765)	(100, 38.9852)	(101, 38.9698)	(102, 38.9378)	(103, 38.9481)	(104, 38.931)	(105, 38.9135)	(106, 38.9197)	(107, 38.9411)	(108, 38.8999)	(109, 38.8866)	(110, 38.8887)	(111, 38.8677)	(112, 38.8421)	(113, 38.8578)	(114, 38.8191)	(115, 38.8433)	(116, 38.8264)	(117, 38.8142)	(118, 38.8043)	(119, 38.7885)	(120, 38.7372)	(121, 38.7349)	(122, 38.7675)	(123, 38.6217)	(124, 38.7162)	(125, 38.7392)	(126, 38.7166)	(127, 38.714)	(128, 38.6871)	(129, 38.6589)	(130, 38.6306)	(131, 38.6407)	(132, 38.6619)	(133, 38.3772)	(134, 38.6579)	(135, 38.6716)	(136, 38.6485)	(137, 38.6369)	(138, 38.6277)	(139, 38.6384)	(140, 38.6278)	(141, 38.6372)	(142, 38.6353)	(143, 38.631)	(144, 38.6409)	(145, 38.6767)	(146, 38.7174)	(147, 38.7152)	(148, 38.6909)	(149, 38.7472)	(150, 38.721)
M145_3_4	(1, 39.2641)	(2, 39.0915)	(3, 39.3384)	(4, 39.3088)	(5, 39.4175)	(6, 39.4456)	(7, 39.3639)	(8, 39.3598)	(9, 39.4471)	(10, 39.3465)	(11, 39.4061)	(12, 39.4696)	(13, 39.4285)	(14, 39.4275)	(15, 39.4218)	(16, 39.4096)	(17, 39.3896)	(18, 39.4314)	(19, 39.3817)	(20, 39.4137)	(21, 39.3731)	(22, 39.3933)	(23, 39.4095)	(24, 39.4232)	(25, 39.4276)	(26, 39.4412)	(27, 39.4018)	(28, 39.3947)	(29, 39.4087)	(30, 39.412)	(31, 39.4126)	(32, 39.4029)	(33, 39.3835)	(34, 39.3971)	(35, 39.391)	(36, 39.3959)	(37, 39.3672)	(38, 39.3764)	(39, 39.3483)	(40, 39.364)	(41, 39.3821)	(42, 39.3279)	(43, 39.3611)	(44, 39.3544)	(45, 39.3327)	(46, 39.3325)	(47, 39.2877)	(48, 39.3147)	(49, 39.3269)	(50, 39.3353)	(51, 39.3107)	(52, 39.3063)	(53, 39.3031)	(54, 39.2814)	(55, 39.2935)	(56, 39.2326)	(57, 39.2307)	(58, 39.2882)	(59, 39.2432)	(60, 39.2602)	(61, 39.2507)	(62, 39.233)	(63, 39.2163)	(64, 39.2184)	(65, 39.2235)	(66, 39.1846)	(67, 39.2163)	(68, 39.1255)	(69, 39.2122)	(70, 39.2097)	(71, 39.1707)	(72, 39.199)	(73, 39.1862)	(74, 39.1785)	(75, 39.1734)	(76, 39.1609)	(77, 39.1413)	(78, 39.1514)	(79, 39.1108)	(80, 39.1045)	(81, 39.104)	(82, 39.1047)	(83, 39.0921)	(84, 39.0687)	(85, 39.0768)	(86, 39.036)	(87, 39.0479)	(88, 39.053)	(89, 39.0573)	(90, 39.0448)	(91, 39.0249)	(92, 39.0451)	(93, 39.0159)	(94, 38.9913)	(95, 39.0288)	(96, 38.9903)	(97, 38.9875)	(98, 38.9728)	(99, 38.9606)	(100, 38.9667)	(101, 38.9566)	(102, 38.9266)	(103, 38.9353)	(104, 38.9204)	(105, 38.8994)	(106, 38.9018)	(107, 38.9234)	(108, 38.8794)	(109, 38.8668)	(110, 38.8705)	(111, 38.8403)	(112, 38.8218)	(113, 38.8363)	(114, 38.7969)	(115, 38.8222)	(116, 38.8065)	(117, 38.7933)	(118, 38.788)	(119, 38.7683)	(120, 38.7154)	(121, 38.718)	(122, 38.7537)	(123, 38.6121)	(124, 38.7027)	(125, 38.7211)	(126, 38.6985)	(127, 38.7027)	(128, 38.6742)	(129, 38.6437)	(130, 38.6155)	(131, 38.6216)	(132, 38.6433)	(133, 38.3687)	(134, 38.6408)	(135, 38.6544)	(136, 38.6345)	(137, 38.6216)	(138, 38.6109)	(139, 38.6191)	(140, 38.6106)	(141, 38.6214)	(142, 38.6144)	(143, 38.6158)	(144, 38.6308)	(145, 38.6651)	(146, 38.7024)	(147, 38.7017)	(148, 38.6853)	(149, 38.7382)	(150, 38.7095)
