Sample	0	1	2	3	4	5	6	7	8	9	10	11	12	13	14	15	16	17	18	19	20	21	22	23	24	25	26	27	28	29	30	31	32	33	34	35	36	37	38	39	40	41	42	43	44	45	46	47	48	49	50	51	52	53	54	55	56	57	58	59	60	61	62	63	64	65	66	67	68	69	70	71	72	73	74	75	76	77	78	79	80	81	82	83	84	85	86	87	88	89	90	91	92	93	94	95	96	97	98	99	100	101	102	103	104	105	106	107	108	109	110	111	112	113	114	115	116	117	118	119	120	121	122	123	124	125	126	127	128	129	130	131	132	133	134	135	136	137	138	139	140	141	142	143	144	145	146	147	148	149
M145_1_1	(1, 39.0695)	(2, 38.8653)	(3, 39.1947)	(4, 39.1547)	(5, 39.2951)	(6, 39.3174)	(7, 39.2184)	(8, 39.2217)	(9, 39.3005)	(10, 39.2116)	(11, 39.2674)	(12, 39.3234)	(13, 39.285)	(14, 39.2666)	(15, 39.2664)	(16, 39.2466)	(17, 39.223)	(18, 39.1813)	(19, 39.228)	(20, 39.2295)	(21, 39.199)	(22, 39.2103)	(23, 39.2289)	(24, 39.2289)	(25, 39.1928)	(26, 39.236)	(27, 39.2162)	(28, 39.2046)	(29, 39.2069)	(30, 39.204)	(31, 39.2095)	(32, 39.2119)	(33, 39.1649)	(34, 39.1926)	(35, 39.1943)	(36, 39.1575)	(37, 39.1573)	(38, 39.1498)	(39, 39.0344)	(40, 39.139)	(41, 39.1378)	(42, 39.0305)	(43, 39.1241)	(44, 39.1162)	(45, 39.0918)	(46, 39.0918)	(47, 39.0752)	(48, 39.0716)	(49, 39.0749)	(50, 39.0939)	(51, 39.0568)	(52, 39.0491)	(53, 39.039)	(54, 39.0337)	(55, 39.0308)	(56, 39.0031)	(57, 38.9955)	(58, 39.0139)	(59, 38.9903)	(60, 38.9666)	(61, 38.9727)	(62, 38.9737)	(63, 38.9497)	(64, 38.9453)	(65, 38.9363)	(66, 38.9188)	(67, 38.9298)	(68, 38.7237)	(69, 38.8829)	(70, 38.9066)	(71, 38.8699)	(72, 38.8831)	(73, 38.8788)	(74, 38.8555)	(75, 38.8469)	(76, 38.8174)	(77, 38.8344)	(78, 38.8375)	(79, 38.8266)	(80, 38.7921)	(81, 38.7955)	(82, 38.7895)	(83, 38.7791)	(84, 38.7593)	(85, 38.7685)	(86, 38.7205)	(87, 38.7366)	(88, 38.7356)	(89, 38.6364)	(90, 38.7082)	(91, 38.6969)	(92, 38.6957)	(93, 38.6724)	(94, 38.6477)	(95, 38.6621)	(96, 38.6128)	(97, 38.6279)	(98, 38.6337)	(99, 38.6106)	(100, 38.5975)	(101, 38.6082)	(102, 38.5766)	(103, 38.5686)	(104, 38.5609)	(105, 38.5429)	(106, 38.5408)	(107, 38.5489)	(108, 38.4186)	(109, 38.4851)	(110, 38.4844)	(111, 38.4611)	(112, 38.4389)	(113, 38.4403)	(114, 38.4202)	(115, 38.4218)	(116, 38.4148)	(117, 38.3905)	(118, 38.2791)	(119, 38.3596)	(120, 38.3533)	(121, 38.3195)	(122, 38.3244)	(123, 38.2588)	(124, 38.2647)	(125, 38.2807)	(126, 38.268)	(127, 38.2525)	(128, 38.2264)	(129, 38.1083)	(130, 38.1608)	(131, 38.1833)	(132, 38.1515)	(133, 37.9495)	(134, 38.118)	(135, 38.1204)	(136, 38.0994)	(137, 38.0791)	(138, 38.058)	(139, 38.0411)	(140, 38.0364)	(141, 37.9984)	(142, 37.9755)	(143, 37.9299)	(144, 37.9483)	(145, 37.9239)	(146, 37.8785)	(147, 37.8049)	(148, 37.816)	(149, 37.829)	(150, 37.7858)
M145_1_2	(1, 39.056)	(2, 38.849)	(3, 39.1885)	(4, 39.1527)	(5, 39.3019)	(6, 39.3142)	(7, 39.2221)	(8, 39.2244)	(9, 39.2998)	(10, 39.2146)	(11, 39.2733)	(12, 39.3267)	(13, 39.2872)	(14, 39.2682)	(15, 39.2682)	(16, 39.2446)	(17, 39.225)	(18, 39.1805)	(19, 39.2278)	(20, 39.232)	(21, 39.2033)	(22, 39.2104)	(23, 39.2314)	(24, 39.2327)	(25, 39.1974)	(26, 39.2391)	(27, 39.2174)	(28, 39.2044)	(29, 39.2083)	(30, 39.2025)	(31, 39.2112)	(32, 39.2199)	(33, 39.1662)	(34, 39.1934)	(35, 39.1928)	(36, 39.1589)	(37, 39.1601)	(38, 39.1504)	(39, 39.0375)	(40, 39.1363)	(41, 39.1378)	(42, 39.0259)	(43, 39.1257)	(44, 39.1145)	(45, 39.0917)	(46, 39.0958)	(47, 39.0756)	(48, 39.073)	(49, 39.0759)	(50, 39.0981)	(51, 39.06)	(52, 39.0528)	(53, 39.0404)	(54, 39.033)	(55, 39.0317)	(56, 39.0062)	(57, 38.9972)	(58, 39.0144)	(59, 38.9912)	(60, 38.9669)	(61, 38.9753)	(62, 38.9743)	(63, 38.9515)	(64, 38.9474)	(65, 38.9371)	(66, 38.919)	(67, 38.9294)	(68, 38.7273)	(69, 38.8917)	(70, 38.9107)	(71, 38.8718)	(72, 38.8871)	(73, 38.8819)	(74, 38.8607)	(75, 38.8522)	(76, 38.8193)	(77, 38.8386)	(78, 38.8394)	(79, 38.8275)	(80, 38.7931)	(81, 38.7951)	(82, 38.7894)	(83, 38.7795)	(84, 38.7615)	(85, 38.7701)	(86, 38.7164)	(87, 38.7418)	(88, 38.7374)	(89, 38.6351)	(90, 38.7093)	(91, 38.6944)	(92, 38.7012)	(93, 38.6731)	(94, 38.6539)	(95, 38.6703)	(96, 38.6175)	(97, 38.6317)	(98, 38.6353)	(99, 38.6165)	(100, 38.6005)	(101, 38.613)	(102, 38.5796)	(103, 38.5718)	(104, 38.5626)	(105, 38.5472)	(106, 38.5473)	(107, 38.5514)	(108, 38.4238)	(109, 38.4943)	(110, 38.4928)	(111, 38.4642)	(112, 38.4478)	(113, 38.4465)	(114, 38.4249)	(115, 38.4237)	(116, 38.4193)	(117, 38.3953)	(118, 38.2843)	(119, 38.3634)	(120, 38.3568)	(121, 38.3276)	(122, 38.3327)	(123, 38.2629)	(124, 38.2708)	(125, 38.2818)	(126, 38.2665)	(127, 38.2552)	(128, 38.232)	(129, 38.1134)	(130, 38.1641)	(131, 38.1887)	(132, 38.1599)	(133, 37.9514)	(134, 38.1179)	(135, 38.1267)	(136, 38.1016)	(137, 38.0818)	(138, 38.06)	(139, 38.0438)	(140, 38.0374)	(141, 38.0031)	(142, 37.9771)	(143, 37.9341)	(144, 37.9443)	(145, 37.927)	(146, 37.8762)	(147, 37.8042)	(148, 37.8168)	(149, 37.8296)	(150, 37.7782)
M145_1_3	(1, 39.0911)	(2, 38.9468)	(3, 39.1783)	(4, 39.151)	(5, 39.2768)	(6, 39.291)	(7, 39.1886)	(8, 39.2124)	(9, 39.2846)	(10, 39.1927)	(11, 39.2402)	(12, 39.303)	(13, 39.2596)	(14, 39.2379)	(15, 39.2334)	(16, 39.2071)	(17, 39.2102)	(18, 39.2341)	(19, 39.1838)	(20, 39.1924)	(21, 39.1566)	(22, 39.2088)	(23, 39.1923)	(24, 39.1994)	(25, 39.2)	(26, 39.2386)	(27, 39.1925)	(28, 39.1659)	(29, 39.1753)	(30, 39.2036)	(31, 39.1665)	(32, 39.1699)	(33, 39.1518)	(34, 39.1526)	(35, 39.1474)	(36, 39.1349)	(37, 39.1248)	(38, 39.1507)	(39, 39.0908)	(40, 39.1099)	(41, 39.1167)	(42, 39.0764)	(43, 39.0991)	(44, 39.0866)	(45, 39.0689)	(46, 39.0704)	(47, 39.0502)	(48, 39.0422)	(49, 39.053)	(50, 39.0645)	(51, 39.0719)	(52, 39.0319)	(53, 39.0291)	(54, 39.015)	(55, 39.0419)	(56, 39.0193)	(57, 38.9791)	(58, 39.0285)	(59, 38.9643)	(60, 38.9544)	(61, 38.9997)	(62, 38.9403)	(63, 38.9258)	(64, 38.9317)	(65, 38.9273)	(66, 38.9393)	(67, 38.9175)	(68, 38.8086)	(69, 38.8838)	(70, 38.8947)	(71, 38.8621)	(72, 38.8779)	(73, 38.8677)	(74, 38.8565)	(75, 38.8509)	(76, 38.8461)	(77, 38.8188)	(78, 38.8313)	(79, 38.7844)	(80, 38.7786)	(81, 38.7882)	(82, 38.7797)	(83, 38.7733)	(84, 38.7564)	(85, 38.7555)	(86, 38.7079)	(87, 38.7357)	(88, 38.7278)	(89, 38.7481)	(90, 38.7068)	(91, 38.6841)	(92, 38.6894)	(93, 38.6713)	(94, 38.6656)	(95, 38.662)	(96, 38.6701)	(97, 38.6228)	(98, 38.6122)	(99, 38.6004)	(100, 38.5995)	(101, 38.5909)	(102, 38.568)	(103, 38.5676)	(104, 38.5595)	(105, 38.5272)	(106, 38.5397)	(107, 38.5543)	(108, 38.5054)	(109, 38.4747)	(110, 38.4882)	(111, 38.4696)	(112, 38.4339)	(113, 38.4713)	(114, 38.419)	(115, 38.4251)	(116, 38.414)	(117, 38.3966)	(118, 38.3814)	(119, 38.3574)	(120, 38.2795)	(121, 38.3182)	(122, 38.3249)	(123, 38.1849)	(124, 38.3226)	(125, 38.277)	(126, 38.2678)	(127, 38.2582)	(128, 38.2214)	(129, 38.1931)	(130, 38.119)	(131, 38.1638)	(132, 38.1535)	(133, 37.8342)	(134, 38.1595)	(135, 38.1333)	(136, 38.0986)	(137, 38.0774)	(138, 38.0997)	(139, 38.0481)	(140, 38.0289)	(141, 38.0069)	(142, 37.98)	(143, 37.969)	(144, 37.9273)	(145, 37.9721)	(146, 37.9271)	(147, 37.856)	(148, 37.8329)	(149, 37.8826)	(150, 37.8142)
M145_2_1	(1, 39.1365)	(2, 38.9754)	(3, 39.1967)	(4, 39.1852)	(5, 39.3059)	(6, 39.3265)	(7, 39.2439)	(8, 39.2513)	(9, 39.3236)	(10, 39.2441)	(11, 39.2783)	(12, 39.3297)	(13, 39.3006)	(14, 39.279)	(15, 39.2849)	(16, 39.2572)	(17, 39.2541)	(18, 39.2881)	(19, 39.2322)	(20, 39.2407)	(21, 39.2043)	(22, 39.2503)	(23, 39.2293)	(24, 39.2337)	(25, 39.2348)	(26, 39.2735)	(27, 39.224)	(28, 39.2018)	(29, 39.2119)	(30, 39.2411)	(31, 39.2061)	(32, 39.2013)	(33, 39.182)	(34, 39.1854)	(35, 39.1804)	(36, 39.1736)	(37, 39.159)	(38, 39.1865)	(39, 39.1232)	(40, 39.1402)	(41, 39.1522)	(42, 39.103)	(43, 39.1334)	(44, 39.1232)	(45, 39.0993)	(46, 39.1019)	(47, 39.071)	(48, 39.0765)	(49, 39.092)	(50, 39.1007)	(51, 39.0995)	(52, 39.0634)	(53, 39.0563)	(54, 39.0439)	(55, 39.0764)	(56, 39.0388)	(57, 39.0031)	(58, 39.0644)	(59, 38.9907)	(60, 38.9731)	(61, 39.0243)	(62, 38.9711)	(63, 38.9499)	(64, 38.9526)	(65, 38.9505)	(66, 38.954)	(67, 38.9343)	(68, 38.8344)	(69, 38.8999)	(70, 38.9169)	(71, 38.8959)	(72, 38.9156)	(73, 38.9105)	(74, 38.8862)	(75, 38.8851)	(76, 38.8815)	(77, 38.8537)	(78, 38.8703)	(79, 38.8233)	(80, 38.8152)	(81, 38.8277)	(82, 38.8241)	(83, 38.8097)	(84, 38.7903)	(85, 38.7948)	(86, 38.7509)	(87, 38.7719)	(88, 38.766)	(89, 38.793)	(90, 38.7511)	(91, 38.7158)	(92, 38.7385)	(93, 38.7234)	(94, 38.707)	(95, 38.7179)	(96, 38.7208)	(97, 38.6802)	(98, 38.6694)	(99, 38.6608)	(100, 38.6623)	(101, 38.648)	(102, 38.6189)	(103, 38.6247)	(104, 38.6169)	(105, 38.5917)	(106, 38.6052)	(107, 38.6156)	(108, 38.5656)	(109, 38.5304)	(110, 38.5481)	(111, 38.5209)	(112, 38.4922)	(113, 38.5357)	(114, 38.4752)	(115, 38.4856)	(116, 38.4726)	(117, 38.4514)	(118, 38.446)	(119, 38.4112)	(120, 38.3427)	(121, 38.3837)	(122, 38.3961)	(123, 38.2497)	(124, 38.3781)	(125, 38.3462)	(126, 38.3192)	(127, 38.3196)	(128, 38.2862)	(129, 38.2584)	(130, 38.1933)	(131, 38.2255)	(132, 38.2182)	(133, 37.9066)	(134, 38.2117)	(135, 38.2104)	(136, 38.1761)	(137, 38.1513)	(138, 38.1701)	(139, 38.1241)	(140, 38.1001)	(141, 38.079)	(142, 38.0566)	(143, 38.0498)	(144, 38.0194)	(145, 38.0604)	(146, 38.0194)	(147, 37.9355)	(148, 37.9147)	(149, 37.9779)	(150, 37.901)
M145_2_3	(1, 39.1342)	(2, 38.961)	(3, 39.1925)	(4, 39.1549)	(5, 39.2884)	(6, 39.3148)	(7, 39.2263)	(8, 39.2135)	(9, 39.3145)	(10, 39.2166)	(11, 39.2614)	(12, 39.3178)	(13, 39.2842)	(14, 39.2605)	(15, 39.2683)	(16, 39.2404)	(17, 39.2307)	(18, 39.2722)	(19, 39.2157)	(20, 39.2284)	(21, 39.1792)	(22, 39.2348)	(23, 39.2123)	(24, 39.2233)	(25, 39.2135)	(26, 39.2587)	(27, 39.2015)	(28, 39.1846)	(29, 39.1986)	(30, 39.2298)	(31, 39.1911)	(32, 39.1931)	(33, 39.1671)	(34, 39.1712)	(35, 39.1633)	(36, 39.1656)	(37, 39.1548)	(38, 39.1809)	(39, 39.1132)	(40, 39.1299)	(41, 39.1445)	(42, 39.1039)	(43, 39.129)	(44, 39.1173)	(45, 39.0951)	(46, 39.0927)	(47, 39.0699)	(48, 39.0711)	(49, 39.0915)	(50, 39.0895)	(51, 39.0965)	(52, 39.0607)	(53, 39.0456)	(54, 39.04)	(55, 39.0749)	(56, 39.0501)	(57, 39.0001)	(58, 39.0617)	(59, 38.9884)	(60, 38.9575)	(61, 39.019)	(62, 38.9678)	(63, 38.9384)	(64, 38.9464)	(65, 38.9489)	(66, 38.9708)	(67, 38.9484)	(68, 38.8401)	(69, 38.9238)	(70, 38.9246)	(71, 38.8942)	(72, 38.9098)	(73, 38.9049)	(74, 38.8789)	(75, 38.8824)	(76, 38.8758)	(77, 38.8477)	(78, 38.866)	(79, 38.8147)	(80, 38.8139)	(81, 38.822)	(82, 38.8159)	(83, 38.8049)	(84, 38.7806)	(85, 38.7854)	(86, 38.7469)	(87, 38.7616)	(88, 38.7637)	(89, 38.7882)	(90, 38.7431)	(91, 38.7146)	(92, 38.734)	(93, 38.7108)	(94, 38.694)	(95, 38.7119)	(96, 38.713)	(97, 38.6724)	(98, 38.662)	(99, 38.651)	(100, 38.6544)	(101, 38.6392)	(102, 38.6138)	(103, 38.618)	(104, 38.6081)	(105, 38.583)	(106, 38.5954)	(107, 38.607)	(108, 38.5572)	(109, 38.5215)	(110, 38.5408)	(111, 38.5103)	(112, 38.4861)	(113, 38.5305)	(114, 38.4635)	(115, 38.484)	(116, 38.4677)	(117, 38.4461)	(118, 38.4397)	(119, 38.4051)	(120, 38.3353)	(121, 38.3728)	(122, 38.3901)	(123, 38.2499)	(124, 38.375)	(125, 38.3391)	(126, 38.3095)	(127, 38.3187)	(128, 38.2851)	(129, 38.2519)	(130, 38.1844)	(131, 38.2245)	(132, 38.2118)	(133, 37.9026)	(134, 38.2058)	(135, 38.2008)	(136, 38.1739)	(137, 38.1465)	(138, 38.1677)	(139, 38.1202)	(140, 38.0945)	(141, 38.0769)	(142, 38.051)	(143, 38.0425)	(144, 38.0129)	(145, 38.0591)	(146, 38.0129)	(147, 37.9305)	(148, 37.912)	(149, 37.9742)	(150, 37.9022)
M145_2_4	(1, 39.1316)	(2, 38.9769)	(3, 39.219)	(4, 39.195)	(5, 39.3127)	(6, 39.3337)	(7, 39.248)	(8, 39.2587)	(9, 39.3358)	(10, 39.2483)	(11, 39.2911)	(12, 39.3375)	(13, 39.3012)	(14, 39.2815)	(15, 39.2825)	(16, 39.2619)	(17, 39.2599)	(18, 39.2837)	(19, 39.23)	(20, 39.2474)	(21, 39.2011)	(22, 39.2564)	(23, 39.2311)	(24, 39.2355)	(25, 39.2307)	(26, 39.2775)	(27, 39.223)	(28, 39.2009)	(29, 39.2097)	(30, 39.239)	(31, 39.2034)	(32, 39.2027)	(33, 39.1755)	(34, 39.1837)	(35, 39.1831)	(36, 39.1782)	(37, 39.1672)	(38, 39.1911)	(39, 39.1266)	(40, 39.1438)	(41, 39.156)	(42, 39.1124)	(43, 39.1375)	(44, 39.1215)	(45, 39.1071)	(46, 39.104)	(47, 39.082)	(48, 39.0851)	(49, 39.0993)	(50, 39.0999)	(51, 39.109)	(52, 39.0711)	(53, 39.0608)	(54, 39.049)	(55, 39.084)	(56, 39.0584)	(57, 39.0107)	(58, 39.0707)	(59, 38.9957)	(60, 38.9807)	(61, 39.0275)	(62, 38.9813)	(63, 38.9515)	(64, 38.9559)	(65, 38.9525)	(66, 38.9741)	(67, 38.9545)	(68, 38.851)	(69, 38.9254)	(70, 38.9357)	(71, 38.9067)	(72, 38.9271)	(73, 38.9168)	(74, 38.8922)	(75, 38.8946)	(76, 38.888)	(77, 38.8646)	(78, 38.875)	(79, 38.8247)	(80, 38.8255)	(81, 38.8322)	(82, 38.8273)	(83, 38.8149)	(84, 38.7907)	(85, 38.7933)	(86, 38.7552)	(87, 38.7733)	(88, 38.7722)	(89, 38.7914)	(90, 38.7525)	(91, 38.7208)	(92, 38.7414)	(93, 38.7165)	(94, 38.7079)	(95, 38.721)	(96, 38.7247)	(97, 38.6864)	(98, 38.6721)	(99, 38.658)	(100, 38.6612)	(101, 38.65)	(102, 38.6221)	(103, 38.6237)	(104, 38.6158)	(105, 38.5941)	(106, 38.6074)	(107, 38.6174)	(108, 38.5649)	(109, 38.5328)	(110, 38.5518)	(111, 38.5217)	(112, 38.4973)	(113, 38.5387)	(114, 38.4774)	(115, 38.4917)	(116, 38.4776)	(117, 38.4536)	(118, 38.4456)	(119, 38.4223)	(120, 38.3468)	(121, 38.3836)	(122, 38.397)	(123, 38.2653)	(124, 38.3884)	(125, 38.3521)	(126, 38.3264)	(127, 38.3251)	(128, 38.2936)	(129, 38.2656)	(130, 38.1938)	(131, 38.2398)	(132, 38.2284)	(133, 37.9196)	(134, 38.2205)	(135, 38.2124)	(136, 38.1836)	(137, 38.1585)	(138, 38.1821)	(139, 38.133)	(140, 38.1125)	(141, 38.0864)	(142, 38.0597)	(143, 38.0608)	(144, 38.018)	(145, 38.0614)	(146, 38.0119)	(147, 37.9336)	(148, 37.9209)	(149, 37.9678)	(150, 37.9011)
M145_3_2	(1, 39.1226)	(2, 38.9563)	(3, 39.1717)	(4, 39.1314)	(5, 39.2712)	(6, 39.287)	(7, 39.1993)	(8, 39.2038)	(9, 39.2868)	(10, 39.1717)	(11, 39.2344)	(12, 39.3025)	(13, 39.2544)	(14, 39.2408)	(15, 39.2451)	(16, 39.2133)	(17, 39.2068)	(18, 39.2477)	(19, 39.1801)	(20, 39.2086)	(21, 39.1652)	(22, 39.2173)	(23, 39.1941)	(24, 39.1982)	(25, 39.2072)	(26, 39.2492)	(27, 39.1871)	(28, 39.1743)	(29, 39.1885)	(30, 39.2149)	(31, 39.1818)	(32, 39.1766)	(33, 39.1604)	(34, 39.1654)	(35, 39.1564)	(36, 39.1484)	(37, 39.1374)	(38, 39.1605)	(39, 39.0989)	(40, 39.1136)	(41, 39.1286)	(42, 39.0781)	(43, 39.1104)	(44, 39.104)	(45, 39.081)	(46, 39.077)	(47, 39.0458)	(48, 39.0555)	(49, 39.0725)	(50, 39.0781)	(51, 39.0789)	(52, 39.0447)	(53, 39.0383)	(54, 39.0295)	(55, 39.0599)	(56, 39.0249)	(57, 38.984)	(58, 39.0515)	(59, 38.9797)	(60, 38.9493)	(61, 39.004)	(62, 38.9599)	(63, 38.9412)	(64, 38.9415)	(65, 38.9379)	(66, 38.946)	(67, 38.9314)	(68, 38.8255)	(69, 38.8925)	(70, 38.9098)	(71, 38.8819)	(72, 38.904)	(73, 38.8965)	(74, 38.8691)	(75, 38.8797)	(76, 38.8686)	(77, 38.8467)	(78, 38.8593)	(79, 38.8141)	(80, 38.806)	(81, 38.8179)	(82, 38.817)	(83, 38.804)	(84, 38.7837)	(85, 38.7911)	(86, 38.7473)	(87, 38.7688)	(88, 38.7647)	(89, 38.7855)	(90, 38.7493)	(91, 38.7108)	(92, 38.7403)	(93, 38.724)	(94, 38.6991)	(95, 38.7159)	(96, 38.716)	(97, 38.6797)	(98, 38.6675)	(99, 38.6632)	(100, 38.6606)	(101, 38.6463)	(102, 38.6228)	(103, 38.6266)	(104, 38.6166)	(105, 38.5946)	(106, 38.6008)	(107, 38.6179)	(108, 38.57)	(109, 38.5246)	(110, 38.5537)	(111, 38.5253)	(112, 38.4931)	(113, 38.538)	(114, 38.4778)	(115, 38.4926)	(116, 38.4796)	(117, 38.4575)	(118, 38.4529)	(119, 38.4168)	(120, 38.3499)	(121, 38.3802)	(122, 38.3998)	(123, 38.254)	(124, 38.3777)	(125, 38.3532)	(126, 38.3224)	(127, 38.333)	(128, 38.2942)	(129, 38.2616)	(130, 38.2017)	(131, 38.2332)	(132, 38.2295)	(133, 37.9063)	(134, 38.21)	(135, 38.2145)	(136, 38.1847)	(137, 38.1516)	(138, 38.1791)	(139, 38.1299)	(140, 38.1101)	(141, 38.0871)	(142, 38.0655)	(143, 38.0538)	(144, 38.0307)	(145, 38.0705)	(146, 38.0289)	(147, 37.9459)	(148, 37.9218)	(149, 37.9943)	(150, 37.9186)
M145_3_3	(1, 39.1505)	(2, 38.9637)	(3, 39.1864)	(4, 39.1714)	(5, 39.2856)	(6, 39.3082)	(7, 39.2309)	(8, 39.2149)	(9, 39.3003)	(10, 39.1863)	(11, 39.248)	(12, 39.3121)	(13, 39.2632)	(14, 39.2557)	(15, 39.2595)	(16, 39.2255)	(17, 39.2201)	(18, 39.2676)	(19, 39.1955)	(20, 39.2265)	(21, 39.1793)	(22, 39.2369)	(23, 39.2038)	(24, 39.2098)	(25, 39.2146)	(26, 39.2553)	(27, 39.2041)	(28, 39.1831)	(29, 39.201)	(30, 39.2325)	(31, 39.1989)	(32, 39.1933)	(33, 39.1697)	(34, 39.1767)	(35, 39.1744)	(36, 39.1667)	(37, 39.1546)	(38, 39.1798)	(39, 39.1224)	(40, 39.1346)	(41, 39.1539)	(42, 39.1005)	(43, 39.1314)	(44, 39.1272)	(45, 39.1037)	(46, 39.1008)	(47, 39.0613)	(48, 39.0802)	(49, 39.0945)	(50, 39.1017)	(51, 39.108)	(52, 39.0723)	(53, 39.0642)	(54, 39.0583)	(55, 39.0875)	(56, 39.0505)	(57, 39.0048)	(58, 39.0786)	(59, 39.0043)	(60, 38.9589)	(61, 39.0321)	(62, 38.9864)	(63, 38.9644)	(64, 38.9684)	(65, 38.9662)	(66, 38.9812)	(67, 38.9659)	(68, 38.8651)	(69, 38.9322)	(70, 38.9508)	(71, 38.9208)	(72, 38.9444)	(73, 38.9345)	(74, 38.9015)	(75, 38.9202)	(76, 38.9115)	(77, 38.8905)	(78, 38.9015)	(79, 38.856)	(80, 38.856)	(81, 38.86)	(82, 38.8604)	(83, 38.8491)	(84, 38.8197)	(85, 38.8362)	(86, 38.7933)	(87, 38.8067)	(88, 38.8113)	(89, 38.8339)	(90, 38.7996)	(91, 38.7518)	(92, 38.7942)	(93, 38.7763)	(94, 38.7428)	(95, 38.7726)	(96, 38.7712)	(97, 38.7306)	(98, 38.722)	(99, 38.7171)	(100, 38.7226)	(101, 38.7089)	(102, 38.6779)	(103, 38.6835)	(104, 38.6759)	(105, 38.6556)	(106, 38.6667)	(107, 38.6807)	(108, 38.6383)	(109, 38.5911)	(110, 38.6195)	(111, 38.5938)	(112, 38.5652)	(113, 38.6116)	(114, 38.5482)	(115, 38.5672)	(116, 38.5499)	(117, 38.5307)	(118, 38.5267)	(119, 38.4944)	(120, 38.4245)	(121, 38.4525)	(122, 38.4843)	(123, 38.3318)	(124, 38.4554)	(125, 38.4366)	(126, 38.3973)	(127, 38.4094)	(128, 38.3758)	(129, 38.3452)	(130, 38.2792)	(131, 38.313)	(132, 38.3157)	(133, 37.9984)	(134, 38.2908)	(135, 38.3105)	(136, 38.2794)	(137, 38.2452)	(138, 38.2752)	(139, 38.2302)	(140, 38.2099)	(141, 38.1808)	(142, 38.1677)	(143, 38.1569)	(144, 38.1319)	(145, 38.1761)	(146, 38.1387)	(147, 38.0536)	(148, 38.0264)	(149, 38.1061)	(150, 38.0392)
M145_3_4	(1, 39.1353)	(2, 38.959)	(3, 39.183)	(4, 39.1632)	(5, 39.2901)	(6, 39.3215)	(7, 39.2385)	(8, 39.2193)	(9, 39.3064)	(10, 39.2019)	(11, 39.2482)	(12, 39.3103)	(13, 39.2681)	(14, 39.2581)	(15, 39.2654)	(16, 39.2309)	(17, 39.2186)	(18, 39.2724)	(19, 39.1965)	(20, 39.2271)	(21, 39.1791)	(22, 39.2302)	(23, 39.2055)	(24, 39.2102)	(25, 39.2097)	(26, 39.2537)	(27, 39.1923)	(28, 39.1854)	(29, 39.2005)	(30, 39.2315)	(31, 39.1986)	(32, 39.1838)	(33, 39.1646)	(34, 39.1659)	(35, 39.1661)	(36, 39.1695)	(37, 39.1435)	(38, 39.1801)	(39, 39.1114)	(40, 39.1291)	(41, 39.1525)	(42, 39.0946)	(43, 39.1303)	(44, 39.1205)	(45, 39.0957)	(46, 39.0935)	(47, 39.0528)	(48, 39.0777)	(49, 39.0901)	(50, 39.0988)	(51, 39.0972)	(52, 39.0649)	(53, 39.0531)	(54, 39.041)	(55, 39.0786)	(56, 39.0176)	(57, 38.9921)	(58, 39.0708)	(59, 38.9877)	(60, 38.9514)	(61, 39.0198)	(62, 38.9795)	(63, 38.9551)	(64, 38.9551)	(65, 38.9528)	(66, 38.9469)	(67, 38.9347)	(68, 38.8362)	(69, 38.8791)	(70, 38.9176)	(71, 38.9013)	(72, 38.9283)	(73, 38.917)	(74, 38.8881)	(75, 38.9025)	(76, 38.8898)	(77, 38.874)	(78, 38.8857)	(79, 38.8446)	(80, 38.8408)	(81, 38.8434)	(82, 38.8476)	(83, 38.8349)	(84, 38.8064)	(85, 38.8226)	(86, 38.7853)	(87, 38.792)	(88, 38.7942)	(89, 38.8196)	(90, 38.7785)	(91, 38.7345)	(92, 38.7783)	(93, 38.7505)	(94, 38.7297)	(95, 38.7568)	(96, 38.7526)	(97, 38.711)	(98, 38.7051)	(99, 38.6994)	(100, 38.7026)	(101, 38.6923)	(102, 38.6649)	(103, 38.6681)	(104, 38.6613)	(105, 38.6409)	(106, 38.6468)	(107, 38.661)	(108, 38.6146)	(109, 38.5689)	(110, 38.5994)	(111, 38.5651)	(112, 38.544)	(113, 38.5882)	(114, 38.5239)	(115, 38.543)	(116, 38.5284)	(117, 38.5085)	(118, 38.507)	(119, 38.4692)	(120, 38.4004)	(121, 38.4311)	(122, 38.4644)	(123, 38.3179)	(124, 38.4374)	(125, 38.4113)	(126, 38.3747)	(127, 38.3918)	(128, 38.3577)	(129, 38.3253)	(130, 38.2619)	(131, 38.2897)	(132, 38.2903)	(133, 37.9846)	(134, 38.2649)	(135, 38.2837)	(136, 38.2562)	(137, 38.224)	(138, 38.2512)	(139, 38.2057)	(140, 38.185)	(141, 38.1565)	(142, 38.1385)	(143, 38.1302)	(144, 38.1089)	(145, 38.1532)	(146, 38.1111)	(147, 38.024)	(148, 38.0061)	(149, 38.0828)	(150, 38.0105)
