Sample	0	1	2	3	4	5	6	7	8	9	10	11	12	13	14	15	16	17	18	19	20	21	22	23	24	25	26	27	28	29	30	31	32	33	34	35	36	37	38	39	40	41	42	43	44	45	46	47	48	49	50	51	52	53	54	55	56	57	58	59	60	61	62	63	64	65	66	67	68	69	70	71	72	73	74	75	76	77	78	79	80	81	82	83	84	85	86	87	88	89	90	91	92	93	94	95	96	97	98	99	100	101	102	103	104	105	106	107	108	109	110	111	112	113	114	115	116	117	118	119	120	121	122	123	124	125	126	127	128	129	130	131	132	133	134	135	136	137	138	139	140	141	142	143	144	145	146	147	148	149
M145_1_1	(1, 39.1245)	(2, 38.9418)	(3, 39.2018)	(4, 39.1935)	(5, 39.2313)	(6, 39.243)	(7, 39.2843)	(8, 39.2166)	(9, 39.2299)	(10, 39.2373)	(11, 39.305)	(12, 39.2961)	(13, 39.2956)	(14, 39.3026)	(15, 39.2931)	(16, 39.416)	(17, 39.4212)	(18, 39.4184)	(19, 39.4231)	(20, 39.4107)	(21, 39.3852)	(22, 39.4033)	(23, 39.4084)	(24, 39.3476)	(25, 39.3963)	(26, 39.3542)	(27, 39.3423)	(28, 39.3007)	(29, 39.327)	(30, 39.32)	(31, 39.1202)	(32, 39.3246)	(33, 39.304)	(34, 39.2971)	(35, 39.2906)	(36, 39.2026)	(37, 39.2579)	(38, 39.2463)	(39, 39.2286)	(40, 39.2141)	(41, 39.2091)	(42, 39.2025)	(43, 39.1895)	(44, 39.1836)	(45, 39.1771)	(46, 39.117)	(47, 39.1481)	(48, 39.1346)	(49, 39.0598)	(50, 39.1328)	(51, 39.1006)	(52, 39.084)	(53, 39.0723)	(54, 39.0627)	(55, 39.0351)	(56, 39.0459)	(57, 38.9982)	(58, 39.0234)	(59, 39.0085)	(60, 38.9986)	(61, 38.9322)	(62, 38.9729)	(63, 38.9606)	(64, 38.9415)	(65, 38.9295)	(66, 38.8997)	(67, 38.9045)	(68, 38.8748)	(69, 38.8687)	(70, 38.8565)	(71, 38.8541)	(72, 38.8334)	(73, 38.8092)	(74, 38.7363)	(75, 38.7615)	(76, 38.7856)	(77, 38.7791)	(78, 38.757)	(79, 38.7496)	(80, 38.6057)	(81, 38.7261)	(82, 38.7017)	(83, 38.701)	(84, 38.6398)	(85, 38.6688)	(86, 38.6376)	(87, 38.6319)	(88, 38.6073)	(89, 38.6008)	(90, 38.5833)	(91, 38.5762)	(92, 38.5659)	(93, 38.5648)	(94, 38.5409)	(95, 38.5188)	(96, 38.4989)	(97, 38.4878)	(98, 38.4998)	(99, 38.4941)	(100, 38.5118)	(101, 38.4557)	(102, 38.4374)	(103, 38.4176)	(104, 38.3727)	(105, 38.3906)	(106, 38.3758)	(107, 38.026)	(108, 38.3425)	(109, 38.3063)	(110, 38.3013)	(111, 38.2917)	(112, 38.2688)	(113, 38.2414)	(114, 38.2499)	(115, 38.2287)	(116, 38.2038)	(117, 38.1852)	(118, 38.1653)	(119, 38.1714)	(120, 38.1377)	(121, 38.1136)	(122, 37.6618)	(123, 38.0634)	(124, 38.0495)	(125, 38.0271)	(126, 38.0272)	(127, 37.9865)	(128, 37.9998)	(129, 37.8723)	(130, 37.9583)	(131, 37.9486)	(132, 37.9265)	(133, 37.9055)	(134, 37.8674)	(135, 37.8755)	(136, 37.861)	(137, 37.7393)	(138, 37.7943)	(139, 37.7423)	(140, 37.7479)	(141, 37.7187)	(142, 37.6597)	(143, 37.6918)	(144, 37.6612)	(145, 37.6385)	(146, 37.6075)	(147, 37.5814)	(148, 37.5464)	(149, 37.4878)	(150, 37.4947)
M145_1_2	(1, 39.2014)	(2, 38.9167)	(3, 39.1631)	(4, 39.1986)	(5, 39.1849)	(6, 39.2326)	(7, 39.2593)	(8, 39.2286)	(9, 39.2433)	(10, 39.1996)	(11, 39.2906)	(12, 39.2673)	(13, 39.2767)	(14, 39.2786)	(15, 39.2797)	(16, 39.3946)	(17, 39.4115)	(18, 39.4105)	(19, 39.4108)	(20, 39.3889)	(21, 39.3604)	(22, 39.3809)	(23, 39.3985)	(24, 39.3239)	(25, 39.375)	(26, 39.3352)	(27, 39.3289)	(28, 39.293)	(29, 39.3142)	(30, 39.3087)	(31, 39.1177)	(32, 39.3159)	(33, 39.311)	(34, 39.29)	(35, 39.2912)	(36, 39.2033)	(37, 39.2534)	(38, 39.2374)	(39, 39.2252)	(40, 39.2047)	(41, 39.2116)	(42, 39.1977)	(43, 39.1921)	(44, 39.1845)	(45, 39.1752)	(46, 39.1126)	(47, 39.1464)	(48, 39.1322)	(49, 39.0568)	(50, 39.1308)	(51, 39.1003)	(52, 39.0774)	(53, 39.0729)	(54, 39.0576)	(55, 39.0279)	(56, 39.0403)	(57, 38.9908)	(58, 39.0196)	(59, 39.0017)	(60, 38.9965)	(61, 38.9318)	(62, 38.9751)	(63, 38.9636)	(64, 38.9464)	(65, 38.933)	(66, 38.9014)	(67, 38.9038)	(68, 38.8672)	(69, 38.8652)	(70, 38.8581)	(71, 38.8595)	(72, 38.8415)	(73, 38.8166)	(74, 38.7456)	(75, 38.7666)	(76, 38.7903)	(77, 38.7864)	(78, 38.7654)	(79, 38.7539)	(80, 38.6024)	(81, 38.7268)	(82, 38.705)	(83, 38.7059)	(84, 38.6406)	(85, 38.6665)	(86, 38.6241)	(87, 38.6276)	(88, 38.6121)	(89, 38.6007)	(90, 38.5843)	(91, 38.5712)	(92, 38.5662)	(93, 38.5677)	(94, 38.5439)	(95, 38.5187)	(96, 38.5024)	(97, 38.4916)	(98, 38.5056)	(99, 38.5015)	(100, 38.5137)	(101, 38.4567)	(102, 38.442)	(103, 38.4168)	(104, 38.3777)	(105, 38.3973)	(106, 38.3848)	(107, 38.0231)	(108, 38.3505)	(109, 38.3162)	(110, 38.3069)	(111, 38.2979)	(112, 38.2789)	(113, 38.2469)	(114, 38.2591)	(115, 38.2334)	(116, 38.2136)	(117, 38.1949)	(118, 38.1748)	(119, 38.1814)	(120, 38.1492)	(121, 38.1232)	(122, 37.662)	(123, 38.0745)	(124, 38.059)	(125, 38.0357)	(126, 38.0395)	(127, 38.0018)	(128, 38.0095)	(129, 37.8815)	(130, 37.9738)	(131, 37.9593)	(132, 37.9412)	(133, 37.9166)	(134, 37.877)	(135, 37.8887)	(136, 37.8699)	(137, 37.7495)	(138, 37.806)	(139, 37.7598)	(140, 37.7564)	(141, 37.7287)	(142, 37.6686)	(143, 37.7008)	(144, 37.6685)	(145, 37.6492)	(146, 37.6175)	(147, 37.5952)	(148, 37.5525)	(149, 37.4927)	(150, 37.5084)
M145_1_3	(1, 39.1722)	(2, 38.983)	(3, 39.1444)	(4, 39.1843)	(5, 39.1714)	(6, 39.179)	(7, 39.2339)	(8, 39.1591)	(9, 39.1522)	(10, 39.2054)	(11, 39.2242)	(12, 39.213)	(13, 39.2123)	(14, 39.2185)	(15, 39.2125)	(16, 39.4015)	(17, 39.3151)	(18, 39.4063)	(19, 39.4054)	(20, 39.3899)	(21, 39.362)	(22, 39.3825)	(23, 39.3917)	(24, 39.2884)	(25, 39.3676)	(26, 39.3235)	(27, 39.3249)	(28, 39.3159)	(29, 39.308)	(30, 39.3056)	(31, 39.106)	(32, 39.2953)	(33, 39.2872)	(34, 39.2768)	(35, 39.2725)	(36, 39.261)	(37, 39.2538)	(38, 39.2409)	(39, 39.2221)	(40, 39.1887)	(41, 39.1962)	(42, 39.1846)	(43, 39.1838)	(44, 39.1302)	(45, 39.1666)	(46, 39.135)	(47, 39.1377)	(48, 39.1197)	(49, 39.1134)	(50, 39.0921)	(51, 39.0876)	(52, 39.074)	(53, 39.0712)	(54, 39.0489)	(55, 39.0188)	(56, 39.0259)	(57, 39.006)	(58, 39.0142)	(59, 38.9911)	(60, 38.9799)	(61, 38.9613)	(62, 38.9672)	(63, 38.9172)	(64, 38.9229)	(65, 38.9189)	(66, 38.8911)	(67, 38.8959)	(68, 38.8684)	(69, 38.8648)	(70, 38.8473)	(71, 38.8436)	(72, 38.8255)	(73, 38.8028)	(74, 38.7997)	(75, 38.7955)	(76, 38.752)	(77, 38.7615)	(78, 38.7437)	(79, 38.7365)	(80, 38.7154)	(81, 38.714)	(82, 38.6941)	(83, 38.6873)	(84, 38.6544)	(85, 38.6525)	(86, 38.6122)	(87, 38.6143)	(88, 38.5943)	(89, 38.5829)	(90, 38.5586)	(91, 38.5406)	(92, 38.5541)	(93, 38.5377)	(94, 38.5195)	(95, 38.4268)	(96, 38.4778)	(97, 38.3891)	(98, 38.481)	(99, 38.4648)	(100, 38.47)	(101, 38.4399)	(102, 38.404)	(103, 38.3943)	(104, 38.3461)	(105, 38.3703)	(106, 38.362)	(107, 38.0098)	(108, 38.3154)	(109, 38.2937)	(110, 38.2743)	(111, 38.263)	(112, 38.2502)	(113, 38.2221)	(114, 38.2013)	(115, 38.1972)	(116, 38.1763)	(117, 38.1324)	(118, 38.1296)	(119, 38.1173)	(120, 38.1033)	(121, 38.045)	(122, 37.6824)	(123, 38.0219)	(124, 38.015)	(125, 37.9822)	(126, 37.9867)	(127, 37.9546)	(128, 37.9662)	(129, 37.8577)	(130, 37.8846)	(131, 37.8994)	(132, 37.8766)	(133, 37.8585)	(134, 37.8084)	(135, 37.8258)	(136, 37.8109)	(137, 37.7514)	(138, 37.7421)	(139, 37.6892)	(140, 37.7004)	(141, 37.664)	(142, 37.6242)	(143, 37.6461)	(144, 37.5297)	(145, 37.6002)	(146, 37.5622)	(147, 37.5506)	(148, 37.5129)	(149, 37.4379)	(150, 37.4885)
M145_2_1	(1, 39.2102)	(2, 39.0276)	(3, 39.1464)	(4, 39.12)	(5, 39.1195)	(6, 39.1651)	(7, 39.1583)	(8, 39.1683)	(9, 39.1896)	(10, 39.2083)	(11, 39.226)	(12, 39.2123)	(13, 39.2186)	(14, 39.2179)	(15, 39.2157)	(16, 39.4138)	(17, 39.3295)	(18, 39.4223)	(19, 39.4225)	(20, 39.4023)	(21, 39.3772)	(22, 39.4019)	(23, 39.4179)	(24, 39.3115)	(25, 39.3879)	(26, 39.356)	(27, 39.3532)	(28, 39.3425)	(29, 39.3411)	(30, 39.3377)	(31, 39.1316)	(32, 39.3212)	(33, 39.3019)	(34, 39.3003)	(35, 39.3035)	(36, 39.2999)	(37, 39.2917)	(38, 39.2758)	(39, 39.2629)	(40, 39.2352)	(41, 39.2503)	(42, 39.2351)	(43, 39.2478)	(44, 39.1961)	(45, 39.2285)	(46, 39.1948)	(47, 39.2026)	(48, 39.188)	(49, 39.193)	(50, 39.1593)	(51, 39.16)	(52, 39.1349)	(53, 39.1453)	(54, 39.1105)	(55, 39.0752)	(56, 39.1001)	(57, 39.0834)	(58, 39.1005)	(59, 39.0766)	(60, 39.0583)	(61, 39.0486)	(62, 39.0553)	(63, 39.0063)	(64, 39.0226)	(65, 39.0187)	(66, 38.9862)	(67, 38.9927)	(68, 38.9639)	(69, 38.9652)	(70, 38.9505)	(71, 38.9499)	(72, 38.9381)	(73, 38.9096)	(74, 38.9138)	(75, 38.9074)	(76, 38.8634)	(77, 38.8793)	(78, 38.8557)	(79, 38.8496)	(80, 38.8305)	(81, 38.8305)	(82, 38.8231)	(83, 38.8121)	(84, 38.7773)	(85, 38.7744)	(86, 38.6982)	(87, 38.715)	(88, 38.7064)	(89, 38.6884)	(90, 38.6735)	(91, 38.6442)	(92, 38.6777)	(93, 38.6757)	(94, 38.656)	(95, 38.5437)	(96, 38.6148)	(97, 38.541)	(98, 38.6407)	(99, 38.623)	(100, 38.6212)	(101, 38.5933)	(102, 38.5646)	(103, 38.5437)	(104, 38.5098)	(105, 38.5333)	(106, 38.541)	(107, 38.1913)	(108, 38.4878)	(109, 38.4536)	(110, 38.4401)	(111, 38.4209)	(112, 38.4065)	(113, 38.3877)	(114, 38.3795)	(115, 38.3701)	(116, 38.351)	(117, 38.3053)	(118, 38.3124)	(119, 38.297)	(120, 38.287)	(121, 38.2239)	(122, 37.8692)	(123, 38.1767)	(124, 38.1537)	(125, 38.1484)	(126, 38.1723)	(127, 38.1461)	(128, 38.1671)	(129, 38.0633)	(130, 38.0935)	(131, 38.1098)	(132, 38.0961)	(133, 38.0883)	(134, 38.0454)	(135, 38.0584)	(136, 38.0345)	(137, 37.9561)	(138, 37.9425)	(139, 37.8903)	(140, 37.9255)	(141, 37.8825)	(142, 37.8553)	(143, 37.8609)	(144, 37.7459)	(145, 37.8157)	(146, 37.7927)	(147, 37.7799)	(148, 37.7419)	(149, 37.6632)	(150, 37.7177)
M145_2_3	(1, 39.1554)	(2, 38.9671)	(3, 39.1054)	(4, 39.1381)	(5, 39.1421)	(6, 39.1347)	(7, 39.1592)	(8, 39.1795)	(9, 39.1623)	(10, 39.2144)	(11, 39.2266)	(12, 39.2178)	(13, 39.2241)	(14, 39.2307)	(15, 39.2212)	(16, 39.4192)	(17, 39.3318)	(18, 39.4241)	(19, 39.4247)	(20, 39.4041)	(21, 39.3777)	(22, 39.4053)	(23, 39.4167)	(24, 39.3161)	(25, 39.3859)	(26, 39.3522)	(27, 39.3536)	(28, 39.3437)	(29, 39.3394)	(30, 39.3389)	(31, 39.1362)	(32, 39.3215)	(33, 39.3078)	(34, 39.3015)	(35, 39.2979)	(36, 39.2929)	(37, 39.2862)	(38, 39.2692)	(39, 39.2538)	(40, 39.2287)	(41, 39.2411)	(42, 39.2254)	(43, 39.2379)	(44, 39.1862)	(45, 39.2154)	(46, 39.1803)	(47, 39.1907)	(48, 39.1759)	(49, 39.1826)	(50, 39.1471)	(51, 39.1493)	(52, 39.1196)	(53, 39.1314)	(54, 39.0942)	(55, 39.0639)	(56, 39.0884)	(57, 39.0729)	(58, 39.0901)	(59, 39.0668)	(60, 39.0447)	(61, 39.0315)	(62, 39.0337)	(63, 38.9842)	(64, 39.0006)	(65, 38.994)	(66, 38.9654)	(67, 38.9724)	(68, 38.9476)	(69, 38.9468)	(70, 38.926)	(71, 38.9299)	(72, 38.9125)	(73, 38.8812)	(74, 38.8797)	(75, 38.8803)	(76, 38.8341)	(77, 38.8495)	(78, 38.8231)	(79, 38.8255)	(80, 38.8042)	(81, 38.8085)	(82, 38.7968)	(83, 38.7822)	(84, 38.7544)	(85, 38.7513)	(86, 38.689)	(87, 38.6991)	(88, 38.6875)	(89, 38.6687)	(90, 38.6592)	(91, 38.6475)	(92, 38.6631)	(93, 38.6608)	(94, 38.6398)	(95, 38.5392)	(96, 38.5949)	(97, 38.5132)	(98, 38.6102)	(99, 38.588)	(100, 38.5898)	(101, 38.5588)	(102, 38.5286)	(103, 38.5091)	(104, 38.4728)	(105, 38.5025)	(106, 38.5027)	(107, 38.1586)	(108, 38.4376)	(109, 38.3963)	(110, 38.3954)	(111, 38.3831)	(112, 38.3684)	(113, 38.3437)	(114, 38.3413)	(115, 38.3308)	(116, 38.3114)	(117, 38.257)	(118, 38.2656)	(119, 38.2557)	(120, 38.2472)	(121, 38.1837)	(122, 37.8365)	(123, 38.1403)	(124, 38.1268)	(125, 38.1167)	(126, 38.1332)	(127, 38.1051)	(128, 38.1222)	(129, 38.0188)	(130, 38.0514)	(131, 38.0696)	(132, 38.0485)	(133, 38.0398)	(134, 37.9992)	(135, 38.0074)	(136, 37.9854)	(137, 37.9137)	(138, 37.8942)	(139, 37.836)	(140, 37.8705)	(141, 37.8284)	(142, 37.798)	(143, 37.8106)	(144, 37.6923)	(145, 37.7666)	(146, 37.7354)	(147, 37.7205)	(148, 37.6837)	(149, 37.6076)	(150, 37.6594)
M145_2_4	(1, 39.2675)	(2, 39.0588)	(3, 39.178)	(4, 39.1668)	(5, 39.1483)	(6, 39.1664)	(7, 39.2296)	(8, 39.1963)	(9, 39.2075)	(10, 39.192)	(11, 39.2256)	(12, 39.2326)	(13, 39.2371)	(14, 39.2404)	(15, 39.2337)	(16, 39.415)	(17, 39.3311)	(18, 39.4241)	(19, 39.4248)	(20, 39.4041)	(21, 39.3784)	(22, 39.3974)	(23, 39.4126)	(24, 39.3083)	(25, 39.3883)	(26, 39.3519)	(27, 39.3486)	(28, 39.3367)	(29, 39.3346)	(30, 39.3328)	(31, 39.1394)	(32, 39.3167)	(33, 39.3064)	(34, 39.2926)	(35, 39.2911)	(36, 39.285)	(37, 39.2777)	(38, 39.2602)	(39, 39.2467)	(40, 39.2246)	(41, 39.2363)	(42, 39.2209)	(43, 39.2277)	(44, 39.1754)	(45, 39.2069)	(46, 39.1715)	(47, 39.18)	(48, 39.161)	(49, 39.1717)	(50, 39.1359)	(51, 39.1365)	(52, 39.105)	(53, 39.1221)	(54, 39.0945)	(55, 39.0553)	(56, 39.0763)	(57, 39.0409)	(58, 39.0763)	(59, 39.0415)	(60, 39.0253)	(61, 39.011)	(62, 39.0321)	(63, 38.9802)	(64, 38.9985)	(65, 38.9886)	(66, 38.9629)	(67, 38.973)	(68, 38.9396)	(69, 38.9352)	(70, 38.9197)	(71, 38.9278)	(72, 38.9098)	(73, 38.8889)	(74, 38.8821)	(75, 38.88)	(76, 38.8246)	(77, 38.84)	(78, 38.809)	(79, 38.8115)	(80, 38.7982)	(81, 38.7897)	(82, 38.7893)	(83, 38.7682)	(84, 38.7548)	(85, 38.741)	(86, 38.7014)	(87, 38.6949)	(88, 38.6854)	(89, 38.6618)	(90, 38.6438)	(91, 38.6313)	(92, 38.649)	(93, 38.6488)	(94, 38.6344)	(95, 38.5267)	(96, 38.588)	(97, 38.5146)	(98, 38.6149)	(99, 38.5951)	(100, 38.5918)	(101, 38.5638)	(102, 38.536)	(103, 38.5155)	(104, 38.4755)	(105, 38.5018)	(106, 38.5099)	(107, 38.1656)	(108, 38.4514)	(109, 38.4095)	(110, 38.4057)	(111, 38.399)	(112, 38.387)	(113, 38.3492)	(114, 38.3355)	(115, 38.3261)	(116, 38.309)	(117, 38.2631)	(118, 38.2825)	(119, 38.2742)	(120, 38.2574)	(121, 38.1967)	(122, 37.859)	(123, 38.1704)	(124, 38.162)	(125, 38.1385)	(126, 38.1465)	(127, 38.1143)	(128, 38.1357)	(129, 38.0285)	(130, 38.0614)	(131, 38.0848)	(132, 38.0602)	(133, 38.0428)	(134, 37.9965)	(135, 38.0117)	(136, 37.9988)	(137, 37.9348)	(138, 37.9089)	(139, 37.8444)	(140, 37.8863)	(141, 37.8414)	(142, 37.8132)	(143, 37.8363)	(144, 37.7235)	(145, 37.7853)	(146, 37.7527)	(147, 37.7499)	(148, 37.7091)	(149, 37.6234)	(150, 37.6689)
M145_3_2	(1, 39.2712)	(2, 39.0523)	(3, 39.1727)	(4, 39.1598)	(5, 39.1493)	(6, 39.2255)	(7, 39.2069)	(8, 39.2118)	(9, 39.1894)	(10, 39.2001)	(11, 39.2486)	(12, 39.2359)	(13, 39.2435)	(14, 39.2447)	(15, 39.2335)	(16, 39.4205)	(17, 39.3306)	(18, 39.4259)	(19, 39.4262)	(20, 39.4098)	(21, 39.3882)	(22, 39.4135)	(23, 39.4252)	(24, 39.3268)	(25, 39.3961)	(26, 39.3603)	(27, 39.358)	(28, 39.3493)	(29, 39.3447)	(30, 39.3373)	(31, 39.1385)	(32, 39.3185)	(33, 39.2961)	(34, 39.2978)	(35, 39.3021)	(36, 39.2979)	(37, 39.2884)	(38, 39.2771)	(39, 39.2633)	(40, 39.2335)	(41, 39.2471)	(42, 39.2328)	(43, 39.2438)	(44, 39.1914)	(45, 39.2236)	(46, 39.1892)	(47, 39.2001)	(48, 39.1799)	(49, 39.1938)	(50, 39.146)	(51, 39.1554)	(52, 39.1299)	(53, 39.1421)	(54, 39.1078)	(55, 39.0825)	(56, 39.1051)	(57, 39.0908)	(58, 39.0982)	(59, 39.0744)	(60, 39.0568)	(61, 39.0463)	(62, 39.0532)	(63, 39.0022)	(64, 39.0149)	(65, 39.0082)	(66, 38.9763)	(67, 38.9806)	(68, 38.955)	(69, 38.9621)	(70, 38.9467)	(71, 38.9433)	(72, 38.9224)	(73, 38.8896)	(74, 38.8944)	(75, 38.8874)	(76, 38.8504)	(77, 38.8674)	(78, 38.847)	(79, 38.846)	(80, 38.8163)	(81, 38.8275)	(82, 38.8155)	(83, 38.8036)	(84, 38.7737)	(85, 38.7723)	(86, 38.7142)	(87, 38.7187)	(88, 38.6868)	(89, 38.6777)	(90, 38.6733)	(91, 38.6734)	(92, 38.6917)	(93, 38.6878)	(94, 38.6635)	(95, 38.5596)	(96, 38.622)	(97, 38.5406)	(98, 38.64)	(99, 38.6167)	(100, 38.6216)	(101, 38.5903)	(102, 38.5612)	(103, 38.534)	(104, 38.5091)	(105, 38.5337)	(106, 38.5327)	(107, 38.188)	(108, 38.4686)	(109, 38.4329)	(110, 38.4391)	(111, 38.4284)	(112, 38.4117)	(113, 38.3917)	(114, 38.3809)	(115, 38.3649)	(116, 38.3452)	(117, 38.2957)	(118, 38.3104)	(119, 38.2948)	(120, 38.2836)	(121, 38.2153)	(122, 37.8732)	(123, 38.1733)	(124, 38.1516)	(125, 38.1471)	(126, 38.1717)	(127, 38.1367)	(128, 38.1605)	(129, 38.062)	(130, 38.0876)	(131, 38.1117)	(132, 38.0926)	(133, 38.0864)	(134, 38.0477)	(135, 38.0638)	(136, 38.0283)	(137, 37.936)	(138, 37.9357)	(139, 37.8777)	(140, 37.9283)	(141, 37.8794)	(142, 37.8577)	(143, 37.8633)	(144, 37.7512)	(145, 37.8291)	(146, 37.7978)	(147, 37.7833)	(148, 37.7435)	(149, 37.6557)	(150, 37.7176)
M145_3_3	(1, 39.2056)	(2, 39.0238)	(3, 39.1942)	(4, 39.194)	(5, 39.1564)	(6, 39.2177)	(7, 39.1862)	(8, 39.1682)	(9, 39.1682)	(10, 39.2172)	(11, 39.2377)	(12, 39.2384)	(13, 39.2463)	(14, 39.2467)	(15, 39.2334)	(16, 39.4242)	(17, 39.3334)	(18, 39.4241)	(19, 39.4311)	(20, 39.4148)	(21, 39.3962)	(22, 39.4196)	(23, 39.4331)	(24, 39.3354)	(25, 39.4036)	(26, 39.3688)	(27, 39.3668)	(28, 39.3558)	(29, 39.3574)	(30, 39.3506)	(31, 39.1556)	(32, 39.331)	(33, 39.3212)	(34, 39.3125)	(35, 39.3066)	(36, 39.3055)	(37, 39.2979)	(38, 39.2848)	(39, 39.2704)	(40, 39.248)	(41, 39.2636)	(42, 39.2493)	(43, 39.2593)	(44, 39.2087)	(45, 39.2393)	(46, 39.2018)	(47, 39.2109)	(48, 39.1882)	(49, 39.2144)	(50, 39.1644)	(51, 39.1676)	(52, 39.1389)	(53, 39.1606)	(54, 39.1199)	(55, 39.0893)	(56, 39.1188)	(57, 39.0971)	(58, 39.1211)	(59, 39.0897)	(60, 39.0679)	(61, 39.0621)	(62, 39.0725)	(63, 39.0206)	(64, 39.0312)	(65, 39.0252)	(66, 38.9954)	(67, 39.0055)	(68, 38.9711)	(69, 38.9751)	(70, 38.9656)	(71, 38.9659)	(72, 38.9479)	(73, 38.9085)	(74, 38.9091)	(75, 38.906)	(76, 38.8702)	(77, 38.8871)	(78, 38.8611)	(79, 38.8708)	(80, 38.8422)	(81, 38.8505)	(82, 38.8558)	(83, 38.8315)	(84, 38.8108)	(85, 38.8084)	(86, 38.7477)	(87, 38.7479)	(88, 38.7048)	(89, 38.6869)	(90, 38.6884)	(91, 38.6996)	(92, 38.7256)	(93, 38.7251)	(94, 38.7031)	(95, 38.6031)	(96, 38.6591)	(97, 38.5815)	(98, 38.6837)	(99, 38.6634)	(100, 38.6654)	(101, 38.6272)	(102, 38.6005)	(103, 38.5743)	(104, 38.5571)	(105, 38.5818)	(106, 38.5866)	(107, 38.2419)	(108, 38.513)	(109, 38.4668)	(110, 38.4865)	(111, 38.4802)	(112, 38.4631)	(113, 38.4407)	(114, 38.4337)	(115, 38.4179)	(116, 38.397)	(117, 38.3438)	(118, 38.3685)	(119, 38.3581)	(120, 38.3423)	(121, 38.2733)	(122, 37.9346)	(123, 38.2252)	(124, 38.2112)	(125, 38.2037)	(126, 38.2294)	(127, 38.1947)	(128, 38.2268)	(129, 38.1277)	(130, 38.1588)	(131, 38.185)	(132, 38.171)	(133, 38.1592)	(134, 38.1208)	(135, 38.1392)	(136, 38.102)	(137, 38.0037)	(138, 37.9975)	(139, 37.9307)	(140, 38.0049)	(141, 37.9491)	(142, 37.9342)	(143, 37.944)	(144, 37.8235)	(145, 37.9093)	(146, 37.8757)	(147, 37.8762)	(148, 37.8275)	(149, 37.7253)	(150, 37.7966)
M145_3_4	(1, 39.2386)	(2, 39.0657)	(3, 39.187)	(4, 39.2042)	(5, 39.1565)	(6, 39.188)	(7, 39.1936)	(8, 39.2009)	(9, 39.1818)	(10, 39.1736)	(11, 39.2446)	(12, 39.2463)	(13, 39.2571)	(14, 39.2592)	(15, 39.2501)	(16, 39.4424)	(17, 39.3533)	(18, 39.4443)	(19, 39.4479)	(20, 39.4314)	(21, 39.4111)	(22, 39.4374)	(23, 39.4473)	(24, 39.3491)	(25, 39.4178)	(26, 39.3859)	(27, 39.3842)	(28, 39.3732)	(29, 39.3752)	(30, 39.3723)	(31, 39.1709)	(32, 39.3472)	(33, 39.3217)	(34, 39.3225)	(35, 39.3284)	(36, 39.3306)	(37, 39.321)	(38, 39.3056)	(39, 39.291)	(40, 39.2658)	(41, 39.2801)	(42, 39.2678)	(43, 39.2767)	(44, 39.229)	(45, 39.26)	(46, 39.2231)	(47, 39.2313)	(48, 39.2169)	(49, 39.2314)	(50, 39.182)	(51, 39.189)	(52, 39.1588)	(53, 39.1781)	(54, 39.1347)	(55, 39.105)	(56, 39.1361)	(57, 39.1206)	(58, 39.1397)	(59, 39.1093)	(60, 39.0894)	(61, 39.0799)	(62, 39.0937)	(63, 39.0456)	(64, 39.0559)	(65, 39.0501)	(66, 39.0184)	(67, 39.0247)	(68, 38.9972)	(69, 38.9975)	(70, 38.9878)	(71, 38.9894)	(72, 38.9728)	(73, 38.9345)	(74, 38.9394)	(75, 38.9322)	(76, 38.8938)	(77, 38.9118)	(78, 38.8891)	(79, 38.8962)	(80, 38.8636)	(81, 38.8741)	(82, 38.8664)	(83, 38.8527)	(84, 38.824)	(85, 38.8233)	(86, 38.7565)	(87, 38.7566)	(88, 38.7221)	(89, 38.7088)	(90, 38.7012)	(91, 38.7111)	(92, 38.7371)	(93, 38.7352)	(94, 38.7134)	(95, 38.6086)	(96, 38.6689)	(97, 38.5944)	(98, 38.7001)	(99, 38.6835)	(100, 38.6802)	(101, 38.6482)	(102, 38.6197)	(103, 38.5956)	(104, 38.5715)	(105, 38.5948)	(106, 38.6013)	(107, 38.2577)	(108, 38.5284)	(109, 38.483)	(110, 38.4926)	(111, 38.4819)	(112, 38.4677)	(113, 38.4468)	(114, 38.4413)	(115, 38.4266)	(116, 38.4093)	(117, 38.3543)	(118, 38.3694)	(119, 38.3609)	(120, 38.3468)	(121, 38.2779)	(122, 37.9373)	(123, 38.2275)	(124, 38.2046)	(125, 38.2006)	(126, 38.2315)	(127, 38.2078)	(128, 38.2317)	(129, 38.1364)	(130, 38.1626)	(131, 38.187)	(132, 38.1755)	(133, 38.1672)	(134, 38.1316)	(135, 38.1509)	(136, 38.1106)	(137, 38.0105)	(138, 38.0052)	(139, 37.9387)	(140, 38.0027)	(141, 37.9521)	(142, 37.9331)	(143, 37.9396)	(144, 37.822)	(145, 37.9039)	(146, 37.8775)	(147, 37.8706)	(148, 37.8245)	(149, 37.7282)	(150, 37.7967)
