Sample	0	1	2	3	4	5	6	7	8	9	10	11	12	13	14	15	16	17	18	19	20	21	22
M145_1_1_trimmed_R1	(18.0, 18.0)	(19.0, 395.0)	(20.0, 2260.0)	(21.0, 5508.0)	(22.0, 9259.0)	(23.0, 13144.0)	(24.0, 17048.0)	(25.0, 20085.0)	(26.0, 22874.0)	(27.0, 25702.0)	(28.0, 29083.0)	(29.0, 32081.0)	(30.0, 37652.0)	(31.0, 42396.0)	(32.0, 50346.0)	(33.0, 60458.0)	(34.0, 74675.0)	(35.0, 101486.0)	(36.0, 142773.0)	(37.0, 251889.0)	(38.0, 525376.0)	(39.0, 3907290.0)	(40.0, 1728068.0)
M145_1_1_trimmed_R2	(18.0, 174.0)	(19.0, 924.0)	(20.0, 2943.0)	(21.0, 5569.0)	(22.0, 8284.0)	(23.0, 10771.0)	(24.0, 13074.0)	(25.0, 15423.0)	(26.0, 17537.0)	(27.0, 19802.0)	(28.0, 22217.0)	(29.0, 24509.0)	(30.0, 28910.0)	(31.0, 32562.0)	(32.0, 39659.0)	(33.0, 48156.0)	(34.0, 60569.0)	(35.0, 85739.0)	(36.0, 126998.0)	(37.0, 238111.0)	(38.0, 548675.0)	(39.0, 4184306.0)	(40.0, 1564954.0)
M145_1_2_trimmed_R1	(18.0, 19.0)	(19.0, 343.0)	(20.0, 2135.0)	(21.0, 5148.0)	(22.0, 8641.0)	(23.0, 12309.0)	(24.0, 15717.0)	(25.0, 18920.0)	(26.0, 21406.0)	(27.0, 23804.0)	(28.0, 27235.0)	(29.0, 29724.0)	(30.0, 35170.0)	(31.0, 39805.0)	(32.0, 47337.0)	(33.0, 57012.0)	(34.0, 70515.0)	(35.0, 95785.0)	(36.0, 135848.0)	(37.0, 241099.0)	(38.0, 511137.0)	(39.0, 3875673.0)	(40.0, 1473022.0)
M145_1_2_trimmed_R2	(18.0, 199.0)	(19.0, 912.0)	(20.0, 2792.0)	(21.0, 5274.0)	(22.0, 7853.0)	(23.0, 10229.0)	(24.0, 12418.0)	(25.0, 14658.0)	(26.0, 16558.0)	(27.0, 18368.0)	(28.0, 20680.0)	(29.0, 22923.0)	(30.0, 27194.0)	(31.0, 30839.0)	(32.0, 37386.0)	(33.0, 45110.0)	(34.0, 57139.0)	(35.0, 80119.0)	(36.0, 119808.0)	(37.0, 226543.0)	(38.0, 527370.0)	(39.0, 4019600.0)	(40.0, 1443832.0)
M145_1_3_trimmed_R1	(18.0, 18.0)	(19.0, 448.0)	(20.0, 2839.0)	(21.0, 6797.0)	(22.0, 11419.0)	(23.0, 16208.0)	(24.0, 20394.0)	(25.0, 24729.0)	(26.0, 27983.0)	(27.0, 30930.0)	(28.0, 35432.0)	(29.0, 39437.0)	(30.0, 46211.0)	(31.0, 52288.0)	(32.0, 62282.0)	(33.0, 74585.0)	(34.0, 92573.0)	(35.0, 126877.0)	(36.0, 179004.0)	(37.0, 323173.0)	(38.0, 693516.0)	(39.0, 5044333.0)	(40.0, 1875001.0)
M145_1_3_trimmed_R2	(18.0, 215.0)	(19.0, 1143.0)	(20.0, 3330.0)	(21.0, 6361.0)	(22.0, 9631.0)	(23.0, 12239.0)	(24.0, 15095.0)	(25.0, 18165.0)	(26.0, 20493.0)	(27.0, 23202.0)	(28.0, 26071.0)	(29.0, 28884.0)	(30.0, 33781.0)	(31.0, 38684.0)	(32.0, 46876.0)	(33.0, 57189.0)	(34.0, 73619.0)	(35.0, 104235.0)	(36.0, 156139.0)	(37.0, 296743.0)	(38.0, 691500.0)	(39.0, 5160425.0)	(40.0, 1962457.0)
M145_2_1_trimmed_R1	(18.0, 23.0)	(19.0, 362.0)	(20.0, 2073.0)	(21.0, 5110.0)	(22.0, 8331.0)	(23.0, 11698.0)	(24.0, 14605.0)	(25.0, 17905.0)	(26.0, 20508.0)	(27.0, 23439.0)	(28.0, 27337.0)	(29.0, 30386.0)	(30.0, 35474.0)	(31.0, 40214.0)	(32.0, 47674.0)	(33.0, 57149.0)	(34.0, 71869.0)	(35.0, 100536.0)	(36.0, 143032.0)	(37.0, 261061.0)	(38.0, 579201.0)	(39.0, 4397833.0)	(40.0, 1527541.0)
M145_2_1_trimmed_R2	(18.0, 190.0)	(19.0, 899.0)	(20.0, 2990.0)	(21.0, 5410.0)	(22.0, 8051.0)	(23.0, 10426.0)	(24.0, 12593.0)	(25.0, 15033.0)	(26.0, 17222.0)	(27.0, 19378.0)	(28.0, 22064.0)	(29.0, 24441.0)	(30.0, 28241.0)	(31.0, 32229.0)	(32.0, 38603.0)	(33.0, 46284.0)	(34.0, 59024.0)	(35.0, 83212.0)	(36.0, 124441.0)	(37.0, 239267.0)	(38.0, 571740.0)	(39.0, 4450570.0)	(40.0, 1611053.0)
M145_2_3_trimmed_R1	(18.0, 21.0)	(19.0, 342.0)	(20.0, 1973.0)	(21.0, 4929.0)	(22.0, 8150.0)	(23.0, 10946.0)	(24.0, 13839.0)	(25.0, 16843.0)	(26.0, 19491.0)	(27.0, 21937.0)	(28.0, 25574.0)	(29.0, 28588.0)	(30.0, 32988.0)	(31.0, 37636.0)	(32.0, 45204.0)	(33.0, 53881.0)	(34.0, 67424.0)	(35.0, 93640.0)	(36.0, 132630.0)	(37.0, 241625.0)	(38.0, 524902.0)	(39.0, 3785454.0)	(40.0, 1481124.0)
M145_2_3_trimmed_R2	(18.0, 166.0)	(19.0, 878.0)	(20.0, 2590.0)	(21.0, 4756.0)	(22.0, 7154.0)	(23.0, 9446.0)	(24.0, 11383.0)	(25.0, 13547.0)	(26.0, 15442.0)	(27.0, 17421.0)	(28.0, 19730.0)	(29.0, 22049.0)	(30.0, 25857.0)	(31.0, 29440.0)	(32.0, 35317.0)	(33.0, 42778.0)	(34.0, 54410.0)	(35.0, 76561.0)	(36.0, 114698.0)	(37.0, 219839.0)	(38.0, 518422.0)	(39.0, 3921750.0)	(40.0, 1485507.0)
M145_2_4_trimmed_R1	(18.0, 17.0)	(19.0, 427.0)	(20.0, 2262.0)	(21.0, 5425.0)	(22.0, 8868.0)	(23.0, 12267.0)	(24.0, 15309.0)	(25.0, 18802.0)	(26.0, 21471.0)	(27.0, 24292.0)	(28.0, 27996.0)	(29.0, 30816.0)	(30.0, 36098.0)	(31.0, 41194.0)	(32.0, 48375.0)	(33.0, 58708.0)	(34.0, 72184.0)	(35.0, 100570.0)	(36.0, 142102.0)	(37.0, 257149.0)	(38.0, 559426.0)	(39.0, 4272823.0)	(40.0, 1648384.0)
M145_2_4_trimmed_R2	(18.0, 204.0)	(19.0, 908.0)	(20.0, 2928.0)	(21.0, 5343.0)	(22.0, 7919.0)	(23.0, 10246.0)	(24.0, 12349.0)	(25.0, 14985.0)	(26.0, 17058.0)	(27.0, 19093.0)	(28.0, 21778.0)	(29.0, 24184.0)	(30.0, 28150.0)	(31.0, 31742.0)	(32.0, 38288.0)	(33.0, 46031.0)	(34.0, 58085.0)	(35.0, 83077.0)	(36.0, 123548.0)	(37.0, 235505.0)	(38.0, 553980.0)	(39.0, 4372455.0)	(40.0, 1697109.0)
M145_3_2_trimmed_R1	(18.0, 24.0)	(19.0, 387.0)	(20.0, 2301.0)	(21.0, 5314.0)	(22.0, 9014.0)	(23.0, 12458.0)	(24.0, 15721.0)	(25.0, 19152.0)	(26.0, 22525.0)	(27.0, 24953.0)	(28.0, 28498.0)	(29.0, 32022.0)	(30.0, 37368.0)	(31.0, 42337.0)	(32.0, 50353.0)	(33.0, 60336.0)	(34.0, 75274.0)	(35.0, 104253.0)	(36.0, 148767.0)	(37.0, 269063.0)	(38.0, 579008.0)	(39.0, 4371035.0)	(40.0, 1824372.0)
M145_3_2_trimmed_R2	(18.0, 209.0)	(19.0, 990.0)	(20.0, 3136.0)	(21.0, 5782.0)	(22.0, 8627.0)	(23.0, 11045.0)	(24.0, 13269.0)	(25.0, 15952.0)	(26.0, 17947.0)	(27.0, 20127.0)	(28.0, 23050.0)	(29.0, 25760.0)	(30.0, 29617.0)	(31.0, 33708.0)	(32.0, 40757.0)	(33.0, 48872.0)	(34.0, 62407.0)	(35.0, 88068.0)	(36.0, 132312.0)	(37.0, 251339.0)	(38.0, 592792.0)	(39.0, 4581291.0)	(40.0, 1727478.0)
M145_3_3_trimmed_R1	(18.0, 22.0)	(19.0, 352.0)	(20.0, 2166.0)	(21.0, 5058.0)	(22.0, 8050.0)	(23.0, 11066.0)	(24.0, 14099.0)	(25.0, 16895.0)	(26.0, 19453.0)	(27.0, 22350.0)	(28.0, 25570.0)	(29.0, 28370.0)	(30.0, 32915.0)	(31.0, 37327.0)	(32.0, 44621.0)	(33.0, 53533.0)	(34.0, 66379.0)	(35.0, 92871.0)	(36.0, 132931.0)	(37.0, 239233.0)	(38.0, 519715.0)	(39.0, 3951655.0)	(40.0, 1651747.0)
M145_3_3_trimmed_R2	(18.0, 179.0)	(19.0, 959.0)	(20.0, 2872.0)	(21.0, 5184.0)	(22.0, 7728.0)	(23.0, 9647.0)	(24.0, 11745.0)	(25.0, 13885.0)	(26.0, 15543.0)	(27.0, 17624.0)	(28.0, 19713.0)	(29.0, 21933.0)	(30.0, 25627.0)	(31.0, 28921.0)	(32.0, 35181.0)	(33.0, 42219.0)	(34.0, 53852.0)	(35.0, 76698.0)	(36.0, 114352.0)	(37.0, 219809.0)	(38.0, 521455.0)	(39.0, 4140140.0)	(40.0, 1591112.0)
M145_3_4_trimmed_R1	(18.0, 28.0)	(19.0, 333.0)	(20.0, 1789.0)	(21.0, 4433.0)	(22.0, 7370.0)	(23.0, 10493.0)	(24.0, 13155.0)	(25.0, 16026.0)	(26.0, 18455.0)	(27.0, 21388.0)	(28.0, 24688.0)	(29.0, 27203.0)	(30.0, 31926.0)	(31.0, 36283.0)	(32.0, 43696.0)	(33.0, 52425.0)	(34.0, 65304.0)	(35.0, 91593.0)	(36.0, 131350.0)	(37.0, 238198.0)	(38.0, 518309.0)	(39.0, 3885208.0)	(40.0, 1589058.0)
M145_3_4_trimmed_R2	(18.0, 155.0)	(19.0, 870.0)	(20.0, 2659.0)	(21.0, 5108.0)	(22.0, 7191.0)	(23.0, 9650.0)	(24.0, 11456.0)	(25.0, 13699.0)	(26.0, 15322.0)	(27.0, 17216.0)	(28.0, 19744.0)	(29.0, 21987.0)	(30.0, 25529.0)	(31.0, 28662.0)	(32.0, 34658.0)	(33.0, 41730.0)	(34.0, 53068.0)	(35.0, 75058.0)	(36.0, 112480.0)	(37.0, 217995.0)	(38.0, 521190.0)	(39.0, 4090121.0)	(40.0, 1503163.0)
