Sample	0	1	2	3	4	5	6	7	8	9	10	11	12	13	14	15	16	17	18	19	20	21	22	23	24	25	26	27	28	29	30	31	32	33	34	35	36	37	38	39	40	41	42	43	44	45	46	47	48	49	50	51	52	53	54	55	56	57	58	59	60	61	62	63	64	65	66	67	68	69	70	71	72	73	74	75	76	77	78	79	80	81	82	83	84	85	86	87	88	89	90	91	92	93	94	95	96	97	98	99	100	101	102	103	104	105	106	107	108	109	110	111	112	113	114	115	116	117	118	119	120	121	122	123	124	125	126	127	128	129	130	131	132	133	134	135	136	137	138	139	140	141	142	143	144	145	146	147	148	149
M145_1_1	(1, 0.107894)	(2, 0.314004)	(3, 0.0)	(4, 0.0)	(5, 0.0)	(6, 0.0)	(7, 0.0)	(8, 0.010953000000000001)	(9, 0.0)	(10, 0.0)	(11, 0.0)	(12, 0.0)	(13, 0.0)	(14, 0.0)	(15, 0.0)	(16, 0.000859601)	(17, 0.0)	(18, 0.171449)	(19, 0.0)	(20, 0.000207968)	(21, 0.0)	(22, 0.0)	(23, 0.0)	(24, 0.0)	(25, 0.0)	(26, 0.0)	(27, 0.000859601)	(28, 0.0)	(29, 0.0)	(30, 0.0)	(31, 0.0)	(32, 0.00015251000000000002)	(33, 0.0)	(34, 0.0)	(35, 0.0)	(36, 8.31872e-05)	(37, 0.0)	(38, 0.000207968)	(39, 0.255662)	(40, 9.705169999999998e-05)	(41, 0.0)	(42, 0.0)	(43, 0.0)	(44, 0.0)	(45, 0.0)	(46, 0.0)	(47, 0.0)	(48, 0.0)	(49, 0.0)	(50, 0.0)	(51, 0.0)	(52, 0.000110916)	(53, 0.0)	(54, 0.0)	(55, 0.0)	(56, 0.0)	(57, 6.93226e-05)	(58, 0.0)	(59, 0.0)	(60, 0.0)	(61, 0.0)	(62, 0.0)	(63, 0.0)	(64, 0.0)	(65, 0.0)	(66, 8.31872e-05)	(67, 0.0)	(68, 0.0)	(69, 0.0)	(70, 0.0)	(71, 0.0)	(72, 0.00317498)	(73, 0.0)	(74, 0.0)	(75, 0.0014141800000000001)	(76, 0.0)	(77, 0.0)	(78, 0.0)	(79, 0.0)	(80, 9.705169999999998e-05)	(81, 0.0)	(82, 0.0)	(83, 0.00030502000000000003)	(84, 0.0)	(85, 1.38645e-05)	(86, 0.0)	(87, 0.0)	(88, 0.0)	(89, 0.257658)	(90, 0.0)	(91, 0.0)	(92, 0.0)	(93, 0.0)	(94, 0.002149)	(95, 0.0)	(96, 0.0875268)	(97, 0.0)	(98, 0.0)	(99, 0.000526852)	(100, 0.08437950000000001)	(101, 0.0)	(102, 0.0)	(103, 0.000651633)	(104, 0.0)	(105, 0.0)	(106, 0.0)	(107, 6.93226e-05)	(108, 0.0)	(109, 0.0)	(110, 0.0)	(111, 0.0)	(112, 0.0)	(113, 0.0012062099999999999)	(114, 0.0)	(115, 0.0)	(116, 0.0)	(117, 4.15936e-05)	(118, 0.260154)	(119, 0.0)	(120, 0.0)	(121, 0.0)	(122, 0.00532398)	(123, 0.000859601)	(124, 0.0)	(125, 0.0)	(126, 0.0)	(127, 0.00409004)	(128, 0.0)	(129, 0.26149900000000004)	(130, 0.0878872)	(131, 0.0)	(132, 1.38645e-05)	(133, 0.000346613)	(134, 0.0)	(135, 0.0)	(136, 4.15936e-05)	(137, 0.0)	(138, 0.0)	(139, 1.38645e-05)	(140, 0.0)	(141, 0.0)	(142, 0.000166374)	(143, 0.0056705900000000005)	(144, 0.00239856)	(145, 0.000318884)	(146, 0.0)	(147, 0.00116462)	(148, 2.77291e-05)	(149, 0.0)	(150, 9.705169999999998e-05)
M145_1_2	(1, 0.111392)	(2, 0.322311)	(3, 0.0)	(4, 0.0)	(5, 0.0)	(6, 0.0)	(7, 0.0)	(8, 0.011632499999999999)	(9, 0.0)	(10, 0.0)	(11, 0.0)	(12, 0.0)	(13, 0.0)	(14, 0.0)	(15, 0.0)	(16, 0.0011384400000000001)	(17, 0.0)	(18, 0.172328)	(19, 0.0)	(20, 0.00021893099999999998)	(21, 0.0)	(22, 0.0)	(23, 0.0)	(24, 0.0)	(25, 0.0)	(26, 0.0)	(27, 0.00102168)	(28, 0.0)	(29, 0.0)	(30, 0.0)	(31, 0.0)	(32, 0.00016055)	(33, 0.0)	(34, 0.0)	(35, 0.0)	(36, 2.9190800000000002e-05)	(37, 0.0)	(38, 0.000204336)	(39, 0.254836)	(40, 0.00021893099999999998)	(41, 0.0)	(42, 0.0)	(43, 0.0)	(44, 0.0)	(45, 0.0)	(46, 0.0)	(47, 0.0)	(48, 0.0)	(49, 0.0)	(50, 0.0)	(51, 0.0)	(52, 4.37863e-05)	(53, 0.0)	(54, 0.0)	(55, 0.0)	(56, 0.0)	(57, 2.9190800000000002e-05)	(58, 0.0)	(59, 0.0)	(60, 0.0)	(61, 0.0)	(62, 0.0)	(63, 0.0)	(64, 0.0)	(65, 0.0)	(66, 5.83817e-05)	(67, 0.0)	(68, 0.0)	(69, 0.0)	(70, 0.0)	(71, 0.0)	(72, 0.0031818)	(73, 0.0)	(74, 0.0)	(75, 0.0011384400000000001)	(76, 0.0)	(77, 0.0)	(78, 0.0)	(79, 0.0)	(80, 4.37863e-05)	(81, 0.0)	(82, 0.0)	(83, 0.00036488499999999996)	(84, 0.0)	(85, 1.4595400000000001e-05)	(86, 0.0)	(87, 0.0)	(88, 0.0)	(89, 0.259156)	(90, 0.0)	(91, 0.0)	(92, 0.0)	(93, 0.0)	(94, 0.00201417)	(95, 0.0)	(96, 0.0848578)	(97, 0.0)	(98, 0.0)	(99, 0.000685985)	(100, 0.0862589)	(101, 0.0)	(102, 0.0)	(103, 0.000525435)	(104, 0.0)	(105, 0.0)	(106, 0.0)	(107, 7.297710000000001e-05)	(108, 0.0)	(109, 0.0)	(110, 0.0)	(111, 0.0)	(112, 0.0)	(113, 0.00121142)	(114, 0.0)	(115, 0.0)	(116, 0.0)	(117, 7.297710000000001e-05)	(118, 0.256792)	(119, 0.0)	(120, 0.0)	(121, 0.0)	(122, 0.005400299999999999)	(123, 0.0011384400000000001)	(124, 0.0)	(125, 0.0)	(126, 0.0)	(127, 0.00455377)	(128, 0.0)	(129, 0.258762)	(130, 0.0873682)	(131, 0.0)	(132, 2.9190800000000002e-05)	(133, 0.000233527)	(134, 0.0)	(135, 0.0)	(136, 1.4595400000000001e-05)	(137, 0.0)	(138, 0.0)	(139, 1.4595400000000001e-05)	(140, 0.0)	(141, 0.0)	(142, 0.000277313)	(143, 0.00620305)	(144, 0.00248122)	(145, 0.000408672)	(146, 0.0)	(147, 0.0011384400000000001)	(148, 0.0)	(149, 0.0)	(150, 2.9190800000000002e-05)
M145_1_3	(1, 0.0393123)	(2, 0.077774)	(3, 5.5968600000000005e-05)	(4, 0.0)	(5, 0.0)	(6, 0.0)	(7, 0.0)	(8, 0.0059102799999999995)	(9, 7.835599999999999e-05)	(10, 0.0)	(11, 0.00136563)	(12, 0.0)	(13, 0.0)	(14, 0.0)	(15, 0.0174734)	(16, 0.0846581)	(17, 0.0)	(18, 0.0)	(19, 0.0846581)	(20, 0.0846581)	(21, 0.0846581)	(22, 0.0)	(23, 0.0848708)	(24, 0.0846581)	(25, 0.0846581)	(26, 0.0)	(27, 0.0846581)	(28, 0.0846581)	(29, 0.0846581)	(30, 0.0)	(31, 0.0856544)	(32, 0.0850387)	(33, 0.0846581)	(34, 0.0846581)	(35, 0.085173)	(36, 0.0846581)	(37, 0.0846581)	(38, 0.000380587)	(39, 0.0846581)	(40, 0.0851282)	(41, 0.0846581)	(42, 0.0846581)	(43, 0.0846581)	(44, 0.0846581)	(45, 0.0846581)	(46, 0.0846581)	(47, 0.0847924)	(48, 0.0846917)	(49, 0.0846581)	(50, 0.0846581)	(51, 0.0)	(52, 0.0846581)	(53, 0.0846581)	(54, 0.0846581)	(55, 0.0)	(56, 0.0)	(57, 0.0854976)	(58, 0.0)	(59, 0.0846581)	(60, 0.0846581)	(61, 0.0)	(62, 0.0846581)	(63, 0.0846581)	(64, 0.0846581)	(65, 0.0846581)	(66, 0.000324618)	(67, 0.0846581)	(68, 0.0846581)	(69, 0.0846581)	(70, 0.0846581)	(71, 0.08468049999999999)	(72, 0.0882401)	(73, 0.0846581)	(74, 0.0846581)	(75, 0.08694160000000001)	(76, 0.0846581)	(77, 0.0846581)	(78, 0.0846581)	(79, 0.172327)	(80, 0.0846581)	(81, 0.0846581)	(82, 0.0846581)	(83, 0.0846581)	(84, 0.0846693)	(85, 0.0851059)	(86, 0.0846581)	(87, 0.0846581)	(88, 0.0846581)	(89, 0.0)	(90, 0.0846581)	(91, 0.08468049999999999)	(92, 0.0846581)	(93, 0.0846581)	(94, 0.00848484)	(95, 0.0846581)	(96, 0.0)	(97, 0.0846581)	(98, 0.08472529999999999)	(99, 0.0846693)	(100, 0.0846581)	(101, 0.0846581)	(102, 0.08473649999999999)	(103, 0.0848372)	(104, 0.0846581)	(105, 0.0846581)	(106, 0.0846581)	(107, 0.0846581)	(108, 0.0851506)	(109, 0.0846581)	(110, 0.0846581)	(111, 0.0846581)	(112, 0.08472529999999999)	(113, 0.00251859)	(114, 0.0846581)	(115, 0.0846581)	(116, 0.0846581)	(117, 0.08472529999999999)	(118, 0.0853185)	(119, 0.0846581)	(120, 0.253885)	(121, 0.0846581)	(122, 0.0897848)	(123, 0.0846581)	(124, 0.0)	(125, 0.0846581)	(126, 0.0846581)	(127, 0.0917437)	(128, 0.0846581)	(129, 0.0862812)	(130, 0.255698)	(131, 0.0846581)	(132, 0.0852066)	(133, 0.085285)	(134, 0.0)	(135, 0.0846581)	(136, 0.08508349999999999)	(137, 0.0846693)	(138, 0.0)	(139, 0.0846581)	(140, 0.08473649999999999)	(141, 0.0846693)	(142, 0.0887102)	(143, 0.08594539999999999)	(144, 0.0949563)	(145, 0.0008283349999999999)	(146, 0.0846581)	(147, 0.0870871)	(148, 0.0846581)	(149, 0.0)	(150, 0.0847141)
M145_2_1	(1, 0.0386726)	(2, 0.07763619999999999)	(3, 5.29037e-05)	(4, 0.0)	(5, 0.0)	(6, 0.0)	(7, 0.0)	(8, 0.00533005)	(9, 2.64519e-05)	(10, 0.0)	(11, 0.00145485)	(12, 0.0)	(13, 0.0)	(14, 0.0)	(15, 0.0174582)	(16, 0.080083)	(17, 0.0)	(18, 0.0)	(19, 0.080083)	(20, 0.080083)	(21, 0.080083)	(22, 0.0)	(23, 0.08022850000000001)	(24, 0.080083)	(25, 0.080083)	(26, 0.0)	(27, 0.080083)	(28, 0.080083)	(29, 0.080083)	(30, 0.0)	(31, 0.0813527)	(32, 0.08036070000000001)	(33, 0.080083)	(34, 0.080083)	(35, 0.080903)	(36, 0.080083)	(37, 0.080083)	(38, 0.00038355199999999995)	(39, 0.080083)	(40, 0.0805988)	(41, 0.080083)	(42, 0.080083)	(43, 0.080083)	(44, 0.080083)	(45, 0.080083)	(46, 0.080083)	(47, 0.0802814)	(48, 0.0801094)	(49, 0.080083)	(50, 0.080083)	(51, 0.0)	(52, 0.080083)	(53, 0.080083)	(54, 0.080083)	(55, 0.0)	(56, 0.0)	(57, 0.0809956)	(58, 0.0)	(59, 0.080083)	(60, 0.080083)	(61, 0.0)	(62, 0.080083)	(63, 0.080083)	(64, 0.080083)	(65, 0.080083)	(66, 0.000304196)	(67, 0.080083)	(68, 0.080083)	(69, 0.080083)	(70, 0.080083)	(71, 0.08012269999999999)	(72, 0.0836408)	(73, 0.080083)	(74, 0.080083)	(75, 0.0824901)	(76, 0.080083)	(77, 0.080083)	(78, 0.080083)	(79, 0.166713)	(80, 0.080083)	(81, 0.080083)	(82, 0.080083)	(83, 0.080083)	(84, 0.0800962)	(85, 0.08055910000000001)	(86, 0.080083)	(87, 0.080083)	(88, 0.080083)	(89, 0.0)	(90, 0.080083)	(91, 0.0801094)	(92, 0.080083)	(93, 0.080083)	(94, 0.00855718)	(95, 0.080083)	(96, 0.0)	(97, 0.080083)	(98, 0.08018879999999999)	(99, 0.0800962)	(100, 0.080083)	(101, 0.080083)	(102, 0.0801491)	(103, 0.08025489999999999)	(104, 0.080083)	(105, 0.080083)	(106, 0.080083)	(107, 0.0801359)	(108, 0.0807046)	(109, 0.080083)	(110, 0.080083)	(111, 0.080083)	(112, 0.0801359)	(113, 0.00220873)	(114, 0.080083)	(115, 0.080083)	(116, 0.080083)	(117, 0.0801359)	(118, 0.0808369)	(119, 0.080083)	(120, 0.247907)	(121, 0.080083)	(122, 0.0852676)	(123, 0.080083)	(124, 0.0)	(125, 0.080083)	(126, 0.080083)	(127, 0.0871456)	(128, 0.080083)	(129, 0.0813527)	(130, 0.248515)	(131, 0.080083)	(132, 0.0807311)	(133, 0.0807972)	(134, 0.0)	(135, 0.080083)	(136, 0.08062530000000001)	(137, 0.0801094)	(138, 0.0)	(139, 0.080083)	(140, 0.080202)	(141, 0.080083)	(142, 0.0848179)	(143, 0.08176270000000001)	(144, 0.0901612)	(145, 0.000806782)	(146, 0.080083)	(147, 0.0828737)	(148, 0.080083)	(149, 0.0)	(150, 0.0801491)
M145_2_3	(1, 0.0390086)	(2, 0.0797046)	(3, 4.28981e-05)	(4, 0.0)	(5, 0.0)	(6, 0.0)	(7, 0.0)	(8, 0.00584843)	(9, 0.000128694)	(10, 0.0)	(11, 0.0016158300000000002)	(12, 0.0)	(13, 0.0)	(14, 0.0)	(15, 0.0181745)	(16, 0.083165)	(17, 0.0)	(18, 0.0)	(19, 0.083165)	(20, 0.083165)	(21, 0.083165)	(22, 0.0)	(23, 0.08330800000000001)	(24, 0.083165)	(25, 0.083165)	(26, 0.0)	(27, 0.083165)	(28, 0.083165)	(29, 0.083165)	(30, 0.0)	(31, 0.08435190000000001)	(32, 0.0834224)	(33, 0.083165)	(34, 0.083165)	(35, 0.0838657)	(36, 0.083165)	(37, 0.083165)	(38, 0.000343184)	(39, 0.083165)	(40, 0.08360830000000001)	(41, 0.083165)	(42, 0.083165)	(43, 0.083165)	(44, 0.083165)	(45, 0.083165)	(46, 0.083165)	(47, 0.08330800000000001)	(48, 0.083165)	(49, 0.083165)	(50, 0.083165)	(51, 0.0)	(52, 0.083165)	(53, 0.083165)	(54, 0.083165)	(55, 0.0)	(56, 0.0)	(57, 0.08392290000000001)	(58, 0.0)	(59, 0.083165)	(60, 0.083165)	(61, 0.0)	(62, 0.083165)	(63, 0.083165)	(64, 0.083165)	(65, 0.083165)	(66, 0.000243089)	(67, 0.083165)	(68, 0.083165)	(69, 0.083165)	(70, 0.083165)	(71, 0.0832079)	(72, 0.0863395)	(73, 0.083165)	(74, 0.083165)	(75, 0.0853385)	(76, 0.083165)	(77, 0.083165)	(78, 0.083165)	(79, 0.167789)	(80, 0.083165)	(81, 0.083165)	(82, 0.083165)	(83, 0.083165)	(84, 0.08317930000000001)	(85, 0.0836226)	(86, 0.083165)	(87, 0.083165)	(88, 0.083165)	(89, 0.0)	(90, 0.083165)	(91, 0.08317930000000001)	(92, 0.083165)	(93, 0.083165)	(94, 0.00859391)	(95, 0.083165)	(96, 0.0)	(97, 0.083165)	(98, 0.0832651)	(99, 0.08317930000000001)	(100, 0.083165)	(101, 0.083165)	(102, 0.0832651)	(103, 0.0833366)	(104, 0.083165)	(105, 0.083165)	(106, 0.083165)	(107, 0.0832222)	(108, 0.0836369)	(109, 0.083165)	(110, 0.083165)	(111, 0.083165)	(112, 0.0832508)	(113, 0.00247379)	(114, 0.083165)	(115, 0.083165)	(116, 0.083165)	(117, 0.08323649999999999)	(118, 0.08380850000000001)	(119, 0.083165)	(120, 0.251097)	(121, 0.083165)	(122, 0.08828420000000001)	(123, 0.083165)	(124, 0.0)	(125, 0.083165)	(126, 0.083165)	(127, 0.09017170000000001)	(128, 0.083165)	(129, 0.0849667)	(130, 0.254857)	(131, 0.083165)	(132, 0.0836798)	(133, 0.08385139999999999)	(134, 0.0)	(135, 0.083165)	(136, 0.0836512)	(137, 0.083165)	(138, 0.0)	(139, 0.083165)	(140, 0.0832222)	(141, 0.08317930000000001)	(142, 0.0877265)	(143, 0.0846093)	(144, 0.0937894)	(145, 0.0008436619999999999)	(146, 0.083165)	(147, 0.0853385)	(148, 0.083165)	(149, 1.4299399999999999e-05)	(150, 0.0832222)
M145_2_4	(1, 0.0387845)	(2, 0.07896650000000001)	(3, 3.99291e-05)	(4, 0.0)	(5, 0.0)	(6, 0.0)	(7, 0.0)	(8, 0.00565663)	(9, 1.3309699999999999e-05)	(10, 0.0)	(11, 0.00166371)	(12, 0.0)	(13, 0.0)	(14, 0.0)	(15, 0.0175289)	(16, 0.08121590000000001)	(17, 0.0)	(18, 0.0)	(19, 0.08121590000000001)	(20, 0.08121590000000001)	(21, 0.08121590000000001)	(22, 0.0)	(23, 0.0813623)	(24, 0.08121590000000001)	(25, 0.08121590000000001)	(26, 0.0)	(27, 0.0812292)	(28, 0.08121590000000001)	(29, 0.08121590000000001)	(30, 0.0)	(31, 0.08241369999999999)	(32, 0.0815353)	(33, 0.08121590000000001)	(34, 0.08121590000000001)	(35, 0.0821076)	(36, 0.08121590000000001)	(37, 0.08121590000000001)	(38, 0.000505769)	(39, 0.08121590000000001)	(40, 0.0816418)	(41, 0.08121590000000001)	(42, 0.08121590000000001)	(43, 0.08121590000000001)	(44, 0.08121590000000001)	(45, 0.08121590000000001)	(46, 0.08121590000000001)	(47, 0.081349)	(48, 0.08126910000000001)	(49, 0.08121590000000001)	(50, 0.08121590000000001)	(51, 0.0)	(52, 0.08121590000000001)	(53, 0.08121590000000001)	(54, 0.08121590000000001)	(55, 0.0)	(56, 0.0)	(57, 0.08212090000000001)	(58, 0.0)	(59, 0.08121590000000001)	(60, 0.08121590000000001)	(61, 0.0)	(62, 0.08121590000000001)	(63, 0.08121590000000001)	(64, 0.08121590000000001)	(65, 0.08121590000000001)	(66, 0.000319433)	(67, 0.08121590000000001)	(68, 0.08121590000000001)	(69, 0.08121590000000001)	(70, 0.08121590000000001)	(71, 0.0812292)	(72, 0.08478290000000001)	(73, 0.08121590000000001)	(74, 0.08121590000000001)	(75, 0.0834386)	(76, 0.08121590000000001)	(77, 0.08121590000000001)	(78, 0.08121590000000001)	(79, 0.166185)	(80, 0.08121590000000001)	(81, 0.08121590000000001)	(82, 0.08121590000000001)	(83, 0.08121590000000001)	(84, 0.08121590000000001)	(85, 0.0816817)	(86, 0.08121590000000001)	(87, 0.08121590000000001)	(88, 0.08121590000000001)	(89, 0.0)	(90, 0.08121590000000001)	(91, 0.08121590000000001)	(92, 0.08121590000000001)	(93, 0.08121590000000001)	(94, 0.00834519)	(95, 0.08121590000000001)	(96, 0.0)	(97, 0.08121590000000001)	(98, 0.081309)	(99, 0.08121590000000001)	(100, 0.08121590000000001)	(101, 0.08121590000000001)	(102, 0.08128239999999999)	(103, 0.0813889)	(104, 0.08121590000000001)	(105, 0.08121590000000001)	(106, 0.08121590000000001)	(107, 0.0812425)	(108, 0.0816817)	(109, 0.08121590000000001)	(110, 0.08121590000000001)	(111, 0.08121590000000001)	(112, 0.0813223)	(113, 0.00218279)	(114, 0.08121590000000001)	(115, 0.08121590000000001)	(116, 0.08121590000000001)	(117, 0.0812425)	(118, 0.08206770000000001)	(119, 0.08121590000000001)	(120, 0.25339)	(121, 0.08121590000000001)	(122, 0.08604730000000001)	(123, 0.08121590000000001)	(124, 0.0)	(125, 0.08121590000000001)	(126, 0.08121590000000001)	(127, 0.0883233)	(128, 0.08121590000000001)	(129, 0.0829062)	(130, 0.252645)	(131, 0.08121590000000001)	(132, 0.08176159999999999)	(133, 0.08192129999999999)	(134, 0.0)	(135, 0.08121590000000001)	(136, 0.0817349)	(137, 0.0812292)	(138, 0.0)	(139, 0.08121590000000001)	(140, 0.0813357)	(141, 0.0812292)	(142, 0.0855016)	(143, 0.0827066)	(144, 0.0917439)	(145, 0.0007187249999999999)	(146, 0.08121590000000001)	(147, 0.083971)	(148, 0.08121590000000001)	(149, 0.0)	(150, 0.08128239999999999)
M145_3_2	(1, 0.0367952)	(2, 0.07640330000000001)	(3, 5.06821e-05)	(4, 0.0)	(5, 0.0)	(6, 0.0)	(7, 0.0)	(8, 0.00539765)	(9, 6.33526e-05)	(10, 0.0)	(11, 0.00157115)	(12, 0.0)	(13, 0.0)	(14, 0.0)	(15, 0.0177514)	(16, 0.0788994)	(17, 0.0)	(18, 0.0)	(19, 0.0788994)	(20, 0.0788994)	(21, 0.0788994)	(22, 0.0)	(23, 0.0789627)	(24, 0.0788994)	(25, 0.0788994)	(26, 0.0)	(27, 0.0788994)	(28, 0.0788994)	(29, 0.0788994)	(30, 0.0)	(31, 0.0801538)	(32, 0.07914009999999999)	(33, 0.0788994)	(34, 0.0788994)	(35, 0.0797356)	(36, 0.0788994)	(37, 0.0788994)	(38, 0.000392786)	(39, 0.0788994)	(40, 0.07924149999999999)	(41, 0.0788994)	(42, 0.0788994)	(43, 0.0788994)	(44, 0.0788994)	(45, 0.0788994)	(46, 0.0788994)	(47, 0.0790514)	(48, 0.0789627)	(49, 0.0788994)	(50, 0.0788994)	(51, 0.0)	(52, 0.0788994)	(53, 0.0788994)	(54, 0.0788994)	(55, 0.0)	(56, 0.0)	(57, 0.079685)	(58, 0.0)	(59, 0.0788994)	(60, 0.0788994)	(61, 0.0)	(62, 0.0788994)	(63, 0.0788994)	(64, 0.0788994)	(65, 0.0788994)	(66, 0.000202728)	(67, 0.0788994)	(68, 0.0788994)	(69, 0.0788994)	(70, 0.0788994)	(71, 0.0789627)	(72, 0.0822824)	(73, 0.0788994)	(74, 0.0788994)	(75, 0.0809393)	(76, 0.0788994)	(77, 0.0788994)	(78, 0.0788994)	(79, 0.165173)	(80, 0.0788994)	(81, 0.0788994)	(82, 0.0788994)	(83, 0.0788994)	(84, 0.0788994)	(85, 0.0791781)	(86, 0.0788994)	(87, 0.0788994)	(88, 0.0788994)	(89, 0.0)	(90, 0.0788994)	(91, 0.0789247)	(92, 0.0788994)	(93, 0.0788994)	(94, 0.00775436)	(95, 0.0788994)	(96, 0.0)	(97, 0.0788994)	(98, 0.0790261)	(99, 0.0788994)	(100, 0.0788994)	(101, 0.0788994)	(102, 0.0789374)	(103, 0.07900080000000001)	(104, 0.0788994)	(105, 0.0788994)	(106, 0.0788994)	(107, 0.0789121)	(108, 0.07939349999999999)	(109, 0.0788994)	(110, 0.0788994)	(111, 0.0788994)	(112, 0.0789374)	(113, 0.00207797)	(114, 0.0788994)	(115, 0.0788994)	(116, 0.0788994)	(117, 0.0789247)	(118, 0.0794822)	(119, 0.0788994)	(120, 0.250116)	(121, 0.0788994)	(122, 0.08349880000000001)	(123, 0.0788994)	(124, 0.0)	(125, 0.0788994)	(126, 0.0788994)	(127, 0.0856528)	(128, 0.0788994)	(129, 0.0802678)	(130, 0.24625200000000003)	(131, 0.0788994)	(132, 0.0793175)	(133, 0.0794822)	(134, 0.0)	(135, 0.0788994)	(136, 0.07929220000000001)	(137, 0.0789121)	(138, 0.0)	(139, 0.0788994)	(140, 0.0789627)	(141, 0.0789247)	(142, 0.08347339999999999)	(143, 0.0802551)	(144, 0.0889471)	(145, 0.0006715380000000001)	(146, 0.0788994)	(147, 0.0812814)	(148, 0.0788994)	(149, 0.0)	(150, 0.0789627)
M145_3_3	(1, 0.0370102)	(2, 0.0788706)	(3, 4.04188e-05)	(4, 0.0)	(5, 0.0)	(6, 0.0)	(7, 0.0)	(8, 0.005995459999999999)	(9, 5.38918e-05)	(10, 0.0)	(11, 0.0016437)	(12, 0.0)	(13, 0.0)	(14, 0.0)	(15, 0.0171915)	(16, 0.0808242)	(17, 0.0)	(18, 0.0)	(19, 0.0808242)	(20, 0.0808242)	(21, 0.0808242)	(22, 0.0)	(23, 0.0809455)	(24, 0.0808242)	(25, 0.0808242)	(26, 0.0)	(27, 0.0808377)	(28, 0.0808242)	(29, 0.0808242)	(30, 0.0)	(31, 0.0819155)	(32, 0.081188)	(33, 0.0808242)	(34, 0.0808242)	(35, 0.0816191)	(36, 0.0808242)	(37, 0.0808242)	(38, 0.00045808000000000003)	(39, 0.0808242)	(40, 0.0812688)	(41, 0.0808242)	(42, 0.0808242)	(43, 0.0808242)	(44, 0.0808242)	(45, 0.0808242)	(46, 0.0808242)	(47, 0.080932)	(48, 0.0808646)	(49, 0.0808242)	(50, 0.0808242)	(51, 0.0)	(52, 0.0808242)	(53, 0.0808242)	(54, 0.0808242)	(55, 0.0)	(56, 0.0)	(57, 0.0817)	(58, 0.0)	(59, 0.0808242)	(60, 0.0808242)	(61, 0.0)	(62, 0.0808242)	(63, 0.0808242)	(64, 0.0808242)	(65, 0.0808242)	(66, 0.000444607)	(67, 0.0808242)	(68, 0.0808242)	(69, 0.0808242)	(70, 0.0808242)	(71, 0.0808512)	(72, 0.0845158)	(73, 0.0808242)	(74, 0.0808242)	(75, 0.0832359)	(76, 0.0808242)	(77, 0.0808242)	(78, 0.0808242)	(79, 0.170217)	(80, 0.0808242)	(81, 0.0808242)	(82, 0.0808242)	(83, 0.0808242)	(84, 0.0808377)	(85, 0.0812688)	(86, 0.0808242)	(87, 0.0808242)	(88, 0.0808242)	(89, 0.0)	(90, 0.0808242)	(91, 0.0808377)	(92, 0.0808242)	(93, 0.0808242)	(94, 0.00838017)	(95, 0.0808242)	(96, 0.0)	(97, 0.0808242)	(98, 0.08089160000000001)	(99, 0.0808242)	(100, 0.0808242)	(101, 0.0808242)	(102, 0.0808512)	(103, 0.0809724)	(104, 0.0808242)	(105, 0.0808242)	(106, 0.0808242)	(107, 0.0808646)	(108, 0.0813901)	(109, 0.0808242)	(110, 0.0808242)	(111, 0.0808242)	(112, 0.0809051)	(113, 0.0024925)	(114, 0.0808242)	(115, 0.0808242)	(116, 0.0808242)	(117, 0.0808781)	(118, 0.0817)	(119, 0.0808242)	(120, 0.249856)	(121, 0.0808242)	(122, 0.08638850000000001)	(123, 0.0808242)	(124, 0.0)	(125, 0.0808242)	(126, 0.0808242)	(127, 0.0875607)	(128, 0.0808242)	(129, 0.0824544)	(130, 0.251688)	(131, 0.0808242)	(132, 0.08134970000000001)	(133, 0.0814709)	(134, 0.0)	(135, 0.0808242)	(136, 0.0813362)	(137, 0.0808377)	(138, 0.0)	(139, 0.0808242)	(140, 0.0809724)	(141, 0.0808242)	(142, 0.0853916)	(143, 0.08234670000000001)	(144, 0.09065949999999999)	(145, 0.000714066)	(146, 0.0808242)	(147, 0.08335709999999999)	(148, 0.0808242)	(149, 0.0)	(150, 0.0808646)
M145_3_4	(1, 0.0379754)	(2, 0.0787887)	(3, 1.37095e-05)	(4, 0.0)	(5, 0.0)	(6, 0.0)	(7, 0.0)	(8, 0.00584026)	(9, 2.7419100000000003e-05)	(10, 0.0)	(11, 0.00152176)	(12, 0.0)	(13, 0.0)	(14, 0.0)	(15, 0.0179184)	(16, 0.0823532)	(17, 0.0)	(18, 0.0)	(19, 0.0823532)	(20, 0.0823532)	(21, 0.0823532)	(22, 0.0)	(23, 0.0824903)	(24, 0.0823532)	(25, 0.0823532)	(26, 0.0)	(27, 0.08236689999999999)	(28, 0.0823532)	(29, 0.0823532)	(30, 0.0)	(31, 0.0832854)	(32, 0.0826411)	(33, 0.0823532)	(34, 0.0823532)	(35, 0.082929)	(36, 0.0823532)	(37, 0.0823532)	(38, 0.00060322)	(39, 0.0823532)	(40, 0.0826548)	(41, 0.0823532)	(42, 0.0823532)	(43, 0.0823532)	(44, 0.0823532)	(45, 0.0823532)	(46, 0.0823532)	(47, 0.0824629)	(48, 0.0823806)	(49, 0.0823532)	(50, 0.08236689999999999)	(51, 0.0)	(52, 0.0823532)	(53, 0.0823532)	(54, 0.0823532)	(55, 0.0)	(56, 0.0)	(57, 0.0832032)	(58, 0.0)	(59, 0.0823532)	(60, 0.0823532)	(61, 0.0)	(62, 0.0823532)	(63, 0.0823532)	(64, 0.0823532)	(65, 0.0823532)	(66, 0.000260481)	(67, 0.0823532)	(68, 0.0823532)	(69, 0.0823532)	(70, 0.0823532)	(71, 0.0823943)	(72, 0.08586279999999999)	(73, 0.0823532)	(74, 0.0823532)	(75, 0.0844782)	(76, 0.0823532)	(77, 0.0823532)	(78, 0.0823532)	(79, 0.169368)	(80, 0.0823532)	(81, 0.0823532)	(82, 0.0823532)	(83, 0.0823532)	(84, 0.08236689999999999)	(85, 0.0827919)	(86, 0.0823532)	(87, 0.0823532)	(88, 0.0823532)	(89, 0.0)	(90, 0.0823532)	(91, 0.0823943)	(92, 0.0823532)	(93, 0.0823532)	(94, 0.008088630000000001)	(95, 0.0823532)	(96, 0.0)	(97, 0.0823532)	(98, 0.08243550000000001)	(99, 0.08236689999999999)	(100, 0.0823532)	(101, 0.0823532)	(102, 0.0823943)	(103, 0.082504)	(104, 0.0823532)	(105, 0.0823532)	(106, 0.0823532)	(107, 0.0823943)	(108, 0.0827645)	(109, 0.0823532)	(110, 0.0823532)	(111, 0.0823532)	(112, 0.08243550000000001)	(113, 0.00239917)	(114, 0.0823532)	(115, 0.0823532)	(116, 0.0823532)	(117, 0.0823806)	(118, 0.0831621)	(119, 0.0823532)	(120, 0.25361300000000003)	(121, 0.0823532)	(122, 0.0874531)	(123, 0.0823532)	(124, 0.0)	(125, 0.0823532)	(126, 0.0823532)	(127, 0.0889612)	(128, 0.0823532)	(129, 0.08384749999999999)	(130, 0.25401)	(131, 0.0823532)	(132, 0.0829153)	(133, 0.0829975)	(134, 0.0)	(135, 0.0823532)	(136, 0.0828879)	(137, 0.0823532)	(138, 0.0)	(139, 0.0823532)	(140, 0.08243550000000001)	(141, 0.08236689999999999)	(142, 0.0863838)	(143, 0.0838064)	(144, 0.0922926)	(145, 0.000904829)	(146, 0.0823532)	(147, 0.0851088)	(148, 0.0823532)	(149, 0.0)	(150, 0.08240800000000001)
