Sample	0	1	2	3	4	5	6	7	8	9	10	11	12	13	14	15	16	17	18	19	20	21	22	23	24	25	26	27	28	29	30	31	32	33	34	35	36	37	38	39	40	41	42	43	44	45	46	47	48	49	50	51	52	53	54	55	56	57	58	59	60	61	62	63	64	65	66	67	68	69	70	71	72	73	74	75	76	77	78	79	80	81	82	83	84	85	86	87	88	89	90	91	92	93	94	95	96	97	98	99	100	101	102	103	104	105	106	107	108	109	110	111	112	113	114	115	116	117	118	119	120	121	122	123	124	125	126	127	128	129	130	131	132	133	134	135	136	137	138	139	140	141	142	143	144	145	146	147	148	149
M145_1_1	(1, 0.0842131)	(2, 0.287065)	(3, 0.0)	(4, 0.0)	(5, 0.0)	(6, 0.0)	(7, 0.00102597)	(8, 0.000263426)	(9, 0.0)	(10, 0.0)	(11, 2.77291e-05)	(12, 0.0)	(13, 0.0)	(14, 0.0)	(15, 0.000831872)	(16, 8.31872e-05)	(17, 0.0)	(18, 0.0)	(19, 0.0)	(20, 0.0)	(21, 0.0)	(22, 0.0)	(23, 0.0)	(24, 0.0)	(25, 0.0)	(26, 0.0)	(27, 4.15936e-05)	(28, 0.08351990000000001)	(29, 0.0)	(30, 0.0)	(31, 0.0)	(32, 4.15936e-05)	(33, 0.0)	(34, 0.0)	(35, 0.0)	(36, 0.169064)	(37, 0.00030502000000000003)	(38, 0.0)	(39, 0.0)	(40, 0.0)	(41, 0.0)	(42, 0.0)	(43, 1.38645e-05)	(44, 0.0034245400000000002)	(45, 0.0)	(46, 0.0)	(47, 0.0)	(48, 0.0)	(49, 0.169716)	(50, 0.00019410300000000002)	(51, 0.0024401600000000002)	(52, 0.000901194)	(53, 0.0)	(54, 0.0)	(55, 9.705169999999998e-05)	(56, 0.0)	(57, 0.0873881)	(58, 0.0)	(59, 0.0036879599999999997)	(60, 5.54581e-05)	(61, 0.0)	(62, 0.0)	(63, 0.0)	(64, 5.54581e-05)	(65, 0.0)	(66, 0.0)	(67, 0.000110916)	(68, 0.0)	(69, 0.0)	(70, 0.0)	(71, 0.0)	(72, 9.705169999999998e-05)	(73, 0.0)	(74, 0.175178)	(75, 0.0846429)	(76, 0.0)	(77, 2.77291e-05)	(78, 0.0)	(79, 0.0)	(80, 0.338669)	(81, 0.0)	(82, 0.0)	(83, 0.0)	(84, 0.0)	(85, 0.0)	(86, 8.31872e-05)	(87, 0.0)	(88, 0.0)	(89, 0.00123394)	(90, 0.00130327)	(91, 0.0)	(92, 0.0)	(93, 0.0)	(94, 9.705169999999998e-05)	(95, 0.0)	(96, 5.54581e-05)	(97, 0.000346613)	(98, 2.77291e-05)	(99, 0.0)	(100, 0.0)	(101, 0.000110916)	(102, 0.0)	(103, 0.0)	(104, 0.000110916)	(105, 0.00438119)	(106, 0.0)	(107, 0.0)	(108, 0.0)	(109, 0.0)	(110, 0.0)	(111, 0.0)	(112, 0.00130327)	(113, 0.0016221500000000002)	(114, 0.0)	(115, 0.0)	(116, 0.0)	(117, 0.0)	(118, 0.0)	(119, 0.0)	(120, 2.77291e-05)	(121, 0.0)	(122, 0.0)	(123, 0.0)	(124, 0.0)	(125, 0.00015251000000000002)	(126, 9.705169999999998e-05)	(127, 0.0)	(128, 0.0111055)	(129, 0.0)	(130, 0.0)	(131, 0.0)	(132, 0.0)	(133, 0.0)	(134, 0.0)	(135, 2.77291e-05)	(136, 0.0)	(137, 0.0)	(138, 0.000568446)	(139, 4.15936e-05)	(140, 0.0)	(141, 0.0)	(142, 0.0)	(143, 0.0021074099999999997)	(144, 1.38645e-05)	(145, 0.000207968)	(146, 1.38645e-05)	(147, 0.0017053399999999999)	(148, 0.0)	(149, 8.31872e-05)	(150, 0.000180239)
M145_1_2	(1, 0.0839674)	(2, 0.292638)	(3, 0.0)	(4, 0.0)	(5, 0.0)	(6, 0.0)	(7, 0.0009924880000000001)	(8, 0.00048164899999999996)	(9, 0.0)	(10, 0.0)	(11, 4.37863e-05)	(12, 0.0)	(13, 0.0)	(14, 0.0)	(15, 0.000744366)	(16, 2.9190800000000002e-05)	(17, 0.0)	(18, 0.0)	(19, 0.0)	(20, 0.0)	(21, 0.0)	(22, 0.0)	(23, 0.0)	(24, 0.0)	(25, 0.0)	(26, 0.0)	(27, 1.4595400000000001e-05)	(28, 0.0846096)	(29, 0.0)	(30, 0.0)	(31, 0.0)	(32, 0.000116763)	(33, 0.0)	(34, 0.0)	(35, 0.0)	(36, 0.171992)	(37, 0.00042326699999999996)	(38, 0.0)	(39, 0.0)	(40, 0.0)	(41, 0.0)	(42, 0.0)	(43, 0.0)	(44, 0.0035175000000000002)	(45, 0.0)	(46, 0.0)	(47, 0.0)	(48, 0.0)	(49, 0.172635)	(50, 0.000335695)	(51, 0.00224769)	(52, 0.00112385)	(53, 0.0)	(54, 0.0)	(55, 4.37863e-05)	(56, 0.0)	(57, 0.0872076)	(58, 0.0)	(59, 0.0038386)	(60, 1.4595400000000001e-05)	(61, 0.0)	(62, 0.0)	(63, 0.0)	(64, 2.9190800000000002e-05)	(65, 0.0)	(66, 0.0)	(67, 4.37863e-05)	(68, 0.0)	(69, 0.0)	(70, 0.0)	(71, 0.0)	(72, 2.9190800000000002e-05)	(73, 0.0)	(74, 0.169774)	(75, 0.08786440000000001)	(76, 0.0)	(77, 0.0)	(78, 0.0)	(79, 0.0)	(80, 0.345094)	(81, 0.0)	(82, 0.0)	(83, 0.0)	(84, 0.0)	(85, 0.0)	(86, 2.9190800000000002e-05)	(87, 0.0)	(88, 0.0)	(89, 0.00121142)	(90, 0.00144495)	(91, 0.0)	(92, 0.0)	(93, 0.0)	(94, 4.37863e-05)	(95, 0.0)	(96, 1.4595400000000001e-05)	(97, 0.00045245800000000004)	(98, 1.4595400000000001e-05)	(99, 0.0)	(100, 0.0)	(101, 4.37863e-05)	(102, 0.0)	(103, 0.0)	(104, 4.37863e-05)	(105, 0.00418889)	(106, 0.0)	(107, 0.0)	(108, 0.0)	(109, 0.0)	(110, 0.0)	(111, 0.0)	(112, 0.00122602)	(113, 0.0016784699999999998)	(114, 0.0)	(115, 0.0)	(116, 0.0)	(117, 0.0)	(118, 0.0)	(119, 0.0)	(120, 4.37863e-05)	(121, 0.0)	(122, 0.0)	(123, 0.0)	(124, 0.0)	(125, 5.83817e-05)	(126, 0.000175145)	(127, 0.0)	(128, 0.0119974)	(129, 0.0)	(130, 0.0)	(131, 0.0)	(132, 0.0)	(133, 0.0)	(134, 0.0)	(135, 1.4595400000000001e-05)	(136, 0.0)	(137, 0.0)	(138, 0.0006130080000000001)	(139, 2.9190800000000002e-05)	(140, 0.0)	(141, 0.0)	(142, 0.0)	(143, 0.00217472)	(144, 4.37863e-05)	(145, 0.000291908)	(146, 0.0)	(147, 0.0016784699999999998)	(148, 0.0)	(149, 0.000102168)	(150, 7.297710000000001e-05)
M145_1_3	(1, 0.0)	(2, 0.210543)	(3, 0.0)	(4, 0.0)	(5, 0.0)	(6, 0.0)	(7, 0.000291037)	(8, 0.0012537)	(9, 0.0)	(10, 0.0)	(11, 0.0)	(12, 0.0)	(13, 0.0)	(14, 0.0008171420000000001)	(15, 0.0)	(16, 0.0)	(17, 0.253874)	(18, 0.0)	(19, 0.0)	(20, 0.0)	(21, 0.0)	(22, 0.0)	(23, 0.0)	(24, 0.0)	(25, 2.2387400000000002e-05)	(26, 0.0)	(27, 0.0)	(28, 0.0)	(29, 2.2387400000000002e-05)	(30, 0.0)	(31, 0.0)	(32, 0.0)	(33, 0.0)	(34, 0.0)	(35, 0.0)	(36, 0.0)	(37, 0.0)	(38, 0.0)	(39, 0.0)	(40, 0.0)	(41, 0.0)	(42, 0.0)	(43, 0.0)	(44, 0.0928295)	(45, 0.0)	(46, 0.0)	(47, 0.0)	(48, 0.0)	(49, 0.0)	(50, 0.0)	(51, 0.00157831)	(52, 0.0)	(53, 0.0)	(54, 0.0)	(55, 0.0)	(56, 0.0)	(57, 0.0)	(58, 0.0)	(59, 0.000358199)	(60, 0.0007947540000000001)	(61, 0.0)	(62, 0.0)	(63, 0.0869976)	(64, 0.0)	(65, 0.0)	(66, 0.0)	(67, 0.0)	(68, 0.0)	(69, 0.0)	(70, 0.0)	(71, 0.0)	(72, 0.0)	(73, 0.0)	(74, 0.0)	(75, 0.0)	(76, 0.0)	(77, 0.0)	(78, 0.0)	(79, 0.0)	(80, 0.0)	(81, 0.0)	(82, 0.0)	(83, 0.0)	(84, 0.0)	(85, 0.0)	(86, 0.0)	(87, 0.0)	(88, 0.0)	(89, 0.00592148)	(90, 0.0)	(91, 0.0)	(92, 0.0)	(93, 0.0)	(94, 0.0)	(95, 0.17515899999999998)	(96, 0.0)	(97, 0.000436555)	(98, 0.0005149110000000001)	(99, 0.0)	(100, 0.000503717)	(101, 0.0)	(102, 0.0)	(103, 0.0)	(104, 1.1193700000000001e-05)	(105, 0.00901095)	(106, 0.0)	(107, 0.0)	(108, 0.0)	(109, 0.00031342399999999997)	(110, 0.0)	(111, 0.0)	(112, 0.000123131)	(113, 0.00372751)	(114, 0.0)	(115, 0.0)	(116, 0.0)	(117, 0.0)	(118, 0.0)	(119, 0.0)	(120, 0.000324618)	(121, 0.0)	(122, 0.0)	(123, 0.0)	(124, 0.0)	(125, 0.0)	(126, 0.00144399)	(127, 3.3581199999999996e-05)	(128, 0.00245142)	(129, 0.000167906)	(130, 0.0871879)	(131, 1.1193700000000001e-05)	(132, 0.0)	(133, 0.0)	(134, 0.0)	(135, 0.0)	(136, 0.0)	(137, 0.0)	(138, 0.000257456)	(139, 0.0)	(140, 0.000190293)	(141, 8.95498e-05)	(142, 0.0)	(143, 0.0)	(144, 0.0031678199999999996)	(145, 0.000649236)	(146, 0.000167906)	(147, 0.000503717)	(148, 0.0)	(149, 0.000380587)	(150, 0.0)
M145_2_1	(1, 0.0)	(2, 0.209988)	(3, 0.0)	(4, 0.0)	(5, 0.0)	(6, 0.0)	(7, 0.00043645600000000005)	(8, 0.00132259)	(9, 0.0)	(10, 0.0)	(11, 0.0)	(12, 0.0)	(13, 0.0)	(14, 0.000753878)	(15, 0.0)	(16, 0.0)	(17, 0.258739)	(18, 0.0)	(19, 0.0)	(20, 0.0)	(21, 0.0)	(22, 0.0)	(23, 0.0)	(24, 0.0)	(25, 1.32259e-05)	(26, 0.0)	(27, 0.0)	(28, 0.0)	(29, 2.64519e-05)	(30, 0.0)	(31, 0.0)	(32, 0.0)	(33, 0.0)	(34, 0.0)	(35, 0.0)	(36, 0.0)	(37, 0.0)	(38, 0.0)	(39, 0.0)	(40, 0.0)	(41, 0.0)	(42, 0.0)	(43, 0.0)	(44, 0.09730319999999999)	(45, 0.0)	(46, 0.0)	(47, 0.0)	(48, 0.0)	(49, 0.0)	(50, 0.0)	(51, 0.00132259)	(52, 0.0)	(53, 0.0)	(54, 0.0)	(55, 0.0)	(56, 0.0)	(57, 0.0)	(58, 0.0)	(59, 0.000410004)	(60, 0.000965493)	(61, 0.0)	(62, 0.0)	(63, 0.08637850000000001)	(64, 0.0)	(65, 0.0)	(66, 0.0)	(67, 0.0)	(68, 0.0)	(69, 0.0)	(70, 0.0)	(71, 0.0)	(72, 0.0)	(73, 0.0)	(74, 0.0)	(75, 0.0)	(76, 0.0)	(77, 0.0)	(78, 0.0)	(79, 0.0)	(80, 0.0)	(81, 0.0)	(82, 0.0)	(83, 0.0)	(84, 0.0)	(85, 0.0)	(86, 0.0)	(87, 0.0)	(88, 0.0)	(89, 0.00567392)	(90, 0.0)	(91, 0.0)	(92, 0.0)	(93, 0.0)	(94, 0.0)	(95, 0.170839)	(96, 0.0)	(97, 0.00043645600000000005)	(98, 0.000529037)	(99, 0.0)	(100, 0.000753878)	(101, 0.0)	(102, 0.0)	(103, 0.0)	(104, 2.64519e-05)	(105, 0.00874234)	(106, 0.0)	(107, 0.0)	(108, 0.0)	(109, 0.000462907)	(110, 0.0)	(111, 0.0)	(112, 0.000145485)	(113, 0.00366358)	(114, 0.0)	(115, 0.0)	(116, 0.0)	(117, 0.0)	(118, 0.0)	(119, 0.0)	(120, 0.00031742200000000004)	(121, 0.0)	(122, 0.0)	(123, 0.0)	(124, 0.0)	(125, 0.0)	(126, 0.00111098)	(127, 2.64519e-05)	(128, 0.00227486)	(129, 0.000185163)	(130, 0.0856908)	(131, 1.32259e-05)	(132, 0.0)	(133, 0.0)	(134, 0.0)	(135, 0.0)	(136, 0.0)	(137, 0.0)	(138, 0.000343874)	(139, 0.0)	(140, 0.000185163)	(141, 6.61296e-05)	(142, 0.0)	(143, 3.9677799999999995e-05)	(144, 0.0029493799999999997)	(145, 0.000687748)	(146, 0.000277744)	(147, 0.000581941)	(148, 0.0)	(149, 0.00044968199999999997)	(150, 0.0)
M145_2_3	(1, 0.0)	(2, 0.21061500000000002)	(3, 0.0)	(4, 0.0)	(5, 0.0)	(6, 0.0)	(7, 0.000243089)	(8, 0.00108675)	(9, 0.0)	(10, 0.0)	(11, 0.0)	(12, 0.0)	(13, 0.0)	(14, 0.0008293619999999999)	(15, 0.0)	(16, 0.0)	(17, 0.25847499999999995)	(18, 0.0)	(19, 0.0)	(20, 0.0)	(21, 0.0)	(22, 0.0)	(23, 0.0)	(24, 0.0)	(25, 0.0)	(26, 0.0)	(27, 0.0)	(28, 0.0)	(29, 0.0)	(30, 0.0)	(31, 0.0)	(32, 0.0)	(33, 0.0)	(34, 0.0)	(35, 0.0)	(36, 0.0)	(37, 0.0)	(38, 0.0)	(39, 0.0)	(40, 0.0)	(41, 0.0)	(42, 0.0)	(43, 0.0)	(44, 0.0966779)	(45, 0.0)	(46, 0.0)	(47, 0.0)	(48, 0.0)	(49, 0.0)	(50, 0.0)	(51, 0.00134414)	(52, 0.0)	(53, 0.0)	(54, 0.0)	(55, 0.0)	(56, 0.0)	(57, 0.0)	(58, 0.0)	(59, 0.000400382)	(60, 0.0007435660000000001)	(61, 0.0)	(62, 0.0)	(63, 0.0859248)	(64, 0.0)	(65, 0.0)	(66, 0.0)	(67, 0.0)	(68, 0.0)	(69, 0.0)	(70, 0.0)	(71, 0.0)	(72, 0.0)	(73, 0.0)	(74, 0.0)	(75, 0.0)	(76, 0.0)	(77, 0.0)	(78, 0.0)	(79, 0.0)	(80, 0.0)	(81, 0.0)	(82, 0.0)	(83, 0.0)	(84, 0.0)	(85, 0.0)	(86, 0.0)	(87, 0.0)	(88, 0.0)	(89, 0.00593423)	(90, 0.0)	(91, 0.0)	(92, 0.0)	(93, 0.0)	(94, 0.0)	(95, 0.16903300000000002)	(96, 0.0)	(97, 0.000386082)	(98, 0.0006005730000000001)	(99, 0.0)	(100, 0.000686369)	(101, 0.0)	(102, 0.0)	(103, 0.0)	(104, 2.85987e-05)	(105, 0.008794100000000001)	(106, 0.0)	(107, 0.0)	(108, 0.0)	(109, 0.000300286)	(110, 0.0)	(111, 0.0)	(112, 8.57961e-05)	(113, 0.00347474)	(114, 0.0)	(115, 0.0)	(116, 0.0)	(117, 0.0)	(118, 0.0)	(119, 0.0)	(120, 0.000271688)	(121, 0.0)	(122, 0.0)	(123, 0.0)	(124, 0.0)	(125, 0.0)	(126, 0.0015443299999999998)	(127, 0.0)	(128, 0.00197331)	(129, 0.000100095)	(130, 0.0857532)	(131, 4.28981e-05)	(132, 0.0)	(133, 0.0)	(134, 0.0)	(135, 0.0)	(136, 0.0)	(137, 0.0)	(138, 0.000328885)	(139, 0.0)	(140, 0.000142994)	(141, 5.71974e-05)	(142, 0.0)	(143, 1.4299399999999999e-05)	(144, 0.00271688)	(145, 0.00067207)	(146, 0.000243089)	(147, 0.000514777)	(148, 0.0)	(149, 0.00037178300000000004)	(150, 0.0)
M145_2_4	(1, 0.0)	(2, 0.21179699999999999)	(3, 0.0)	(4, 0.0)	(5, 0.0)	(6, 0.0)	(7, 0.00045253)	(8, 0.0008118919999999999)	(9, 0.0)	(10, 0.0)	(11, 0.0)	(12, 0.0)	(13, 0.0)	(14, 0.00111802)	(15, 0.0)	(16, 0.0)	(17, 0.249291)	(18, 0.0)	(19, 0.0)	(20, 0.0)	(21, 0.0)	(22, 0.0)	(23, 0.0)	(24, 0.0)	(25, 1.3309699999999999e-05)	(26, 0.0)	(27, 0.0)	(28, 0.0)	(29, 1.3309699999999999e-05)	(30, 0.0)	(31, 0.0)	(32, 0.0)	(33, 0.0)	(34, 0.0)	(35, 0.0)	(36, 0.0)	(37, 0.0)	(38, 0.0)	(39, 0.0)	(40, 0.0)	(41, 0.0)	(42, 0.0)	(43, 0.0)	(44, 0.0940198)	(45, 0.0)	(46, 0.0)	(47, 0.0)	(48, 0.0)	(49, 0.0)	(50, 0.0)	(51, 0.00157055)	(52, 0.0)	(53, 0.0)	(54, 0.0)	(55, 0.0)	(56, 0.0)	(57, 0.0)	(58, 0.0)	(59, 0.000505769)	(60, 0.000692105)	(61, 0.0)	(62, 0.0)	(63, 0.0863002)	(64, 0.0)	(65, 0.0)	(66, 0.0)	(67, 0.0)	(68, 0.0)	(69, 0.0)	(70, 0.0)	(71, 0.0)	(72, 0.0)	(73, 0.0)	(74, 0.0)	(75, 0.0)	(76, 0.0)	(77, 0.0)	(78, 0.0)	(79, 0.0)	(80, 0.0)	(81, 0.0)	(82, 0.0)	(83, 0.0)	(84, 0.0)	(85, 0.0)	(86, 0.0)	(87, 0.0)	(88, 0.0)	(89, 0.0058962)	(90, 0.0)	(91, 0.0)	(92, 0.0)	(93, 0.0)	(94, 0.0)	(95, 0.171509)	(96, 0.0)	(97, 0.000492459)	(98, 0.000865131)	(99, 0.0)	(100, 0.0007187249999999999)	(101, 0.0)	(102, 0.0)	(103, 0.0)	(104, 1.3309699999999999e-05)	(105, 0.0079459)	(106, 0.0)	(107, 0.0)	(108, 0.0)	(109, 0.00034605300000000003)	(110, 0.0)	(111, 0.0)	(112, 0.00014640699999999998)	(113, 0.00352707)	(114, 0.0)	(115, 0.0)	(116, 0.0)	(117, 0.0)	(118, 0.0)	(119, 0.0)	(120, 0.000226265)	(121, 0.0)	(122, 0.0)	(123, 0.0)	(124, 0.0)	(125, 0.0)	(126, 0.00155724)	(127, 6.65486e-05)	(128, 0.0024489900000000003)	(129, 0.000226265)	(130, 0.08462320000000001)	(131, 0.0)	(132, 0.0)	(133, 0.0)	(134, 0.0)	(135, 0.0)	(136, 0.0)	(137, 0.0)	(138, 0.00033274300000000004)	(139, 0.0)	(140, 0.00026619400000000003)	(141, 0.000106478)	(142, 0.0)	(143, 2.6619399999999998e-05)	(144, 0.00310116)	(145, 0.000559008)	(146, 0.00033274300000000004)	(147, 0.000559008)	(148, 0.0)	(149, 0.00041260099999999996)	(150, 0.0)
M145_3_2	(1, 0.0)	(2, 0.21028000000000002)	(3, 0.0)	(4, 0.0)	(5, 0.0)	(6, 0.0)	(7, 0.00024074)	(8, 0.00124171)	(9, 0.0)	(10, 0.0)	(11, 0.0)	(12, 0.0)	(13, 0.0)	(14, 0.0008996080000000001)	(15, 0.0)	(16, 0.0)	(17, 0.25955599999999995)	(18, 0.0)	(19, 0.0)	(20, 0.0)	(21, 0.0)	(22, 0.0)	(23, 0.0)	(24, 0.0)	(25, 2.53411e-05)	(26, 0.0)	(27, 0.0)	(28, 0.0)	(29, 0.0)	(30, 0.0)	(31, 0.0)	(32, 0.0)	(33, 0.0)	(34, 0.0)	(35, 0.0)	(36, 0.0)	(37, 0.0)	(38, 0.0)	(39, 0.0)	(40, 0.0)	(41, 0.0)	(42, 0.0)	(43, 0.0)	(44, 0.09570050000000001)	(45, 0.0)	(46, 0.0)	(47, 0.0)	(48, 0.0)	(49, 0.0)	(50, 0.0)	(51, 0.00114035)	(52, 0.0)	(53, 0.0)	(54, 0.0)	(55, 0.0)	(56, 0.0)	(57, 0.0)	(58, 0.0)	(59, 0.00041812699999999996)	(60, 0.0009122780000000001)	(61, 0.0)	(62, 0.0)	(63, 0.08666639999999999)	(64, 0.0)	(65, 0.0)	(66, 0.0)	(67, 0.0)	(68, 0.0)	(69, 0.0)	(70, 0.0)	(71, 0.0)	(72, 0.0)	(73, 0.0)	(74, 0.0)	(75, 0.0)	(76, 0.0)	(77, 0.0)	(78, 0.0)	(79, 0.0)	(80, 0.0)	(81, 0.0)	(82, 0.0)	(83, 0.0)	(84, 0.0)	(85, 0.0)	(86, 0.0)	(87, 0.0)	(88, 0.0)	(89, 0.00497952)	(90, 0.0)	(91, 0.0)	(92, 0.0)	(93, 0.0)	(94, 0.0)	(95, 0.173561)	(96, 0.0)	(97, 0.00022807)	(98, 0.000608185)	(99, 0.0)	(100, 0.0006842090000000001)	(101, 0.0)	(102, 0.0)	(103, 0.0)	(104, 2.53411e-05)	(105, 0.00802045)	(106, 0.0)	(107, 0.0)	(108, 0.0)	(109, 0.00034210400000000003)	(110, 0.0)	(111, 0.0)	(112, 3.80116e-05)	(113, 0.00337036)	(114, 0.0)	(115, 0.0)	(116, 0.0)	(117, 0.0)	(118, 0.0)	(119, 0.0)	(120, 0.00012670500000000001)	(121, 0.0)	(122, 0.0)	(123, 0.0)	(124, 0.0)	(125, 0.0)	(126, 0.0012037)	(127, 7.60232e-05)	(128, 0.00217933)	(129, 0.000152046)	(130, 0.0850573)	(131, 1.26705e-05)	(132, 0.0)	(133, 0.0)	(134, 0.0)	(135, 0.0)	(136, 0.0)	(137, 0.0)	(138, 0.000152046)	(139, 0.0)	(140, 0.000139376)	(141, 5.06821e-05)	(142, 0.0)	(143, 1.26705e-05)	(144, 0.00291422)	(145, 0.000557503)	(146, 0.00012670500000000001)	(147, 0.000367445)	(148, 0.0)	(149, 0.00024074)	(150, 0.0)
M145_3_3	(1, 0.0)	(2, 0.21027200000000001)	(3, 0.0)	(4, 0.0)	(5, 0.0)	(6, 0.0)	(7, 0.000269459)	(8, 0.00121257)	(9, 0.0)	(10, 0.0)	(11, 0.0)	(12, 0.0)	(13, 0.0)	(14, 0.00122604)	(15, 0.0)	(16, 0.0)	(17, 0.261779)	(18, 0.0)	(19, 0.0)	(20, 0.0)	(21, 0.0)	(22, 0.0)	(23, 0.0)	(24, 0.0)	(25, 2.69459e-05)	(26, 0.0)	(27, 0.0)	(28, 0.0)	(29, 2.69459e-05)	(30, 0.0)	(31, 0.0)	(32, 0.0)	(33, 0.0)	(34, 0.0)	(35, 0.0)	(36, 0.0)	(37, 0.0)	(38, 0.0)	(39, 0.0)	(40, 0.0)	(41, 0.0)	(42, 0.0)	(43, 0.0)	(44, 0.0968166)	(45, 0.0)	(46, 0.0)	(47, 0.0)	(48, 0.0)	(49, 0.0)	(50, 0.0)	(51, 0.00173801)	(52, 0.0)	(53, 0.0)	(54, 0.0)	(55, 0.0)	(56, 0.0)	(57, 0.0)	(58, 0.0)	(59, 0.000511972)	(60, 0.0009431060000000001)	(61, 0.0)	(62, 0.0)	(63, 0.0873317)	(64, 0.0)	(65, 0.0)	(66, 0.0)	(67, 0.0)	(68, 0.0)	(69, 0.0)	(70, 0.0)	(71, 0.0)	(72, 0.0)	(73, 0.0)	(74, 0.0)	(75, 0.0)	(76, 0.0)	(77, 0.0)	(78, 0.0)	(79, 0.0)	(80, 0.0)	(81, 0.0)	(82, 0.0)	(83, 0.0)	(84, 0.0)	(85, 0.0)	(86, 0.0)	(87, 0.0)	(88, 0.0)	(89, 0.00594157)	(90, 0.0)	(91, 0.0)	(92, 0.0)	(93, 0.0)	(94, 0.0)	(95, 0.170864)	(96, 0.0)	(97, 0.000538918)	(98, 0.000767958)	(99, 0.0)	(100, 0.000673647)	(101, 0.0)	(102, 0.0)	(103, 0.0)	(104, 5.38918e-05)	(105, 0.008824779999999999)	(106, 0.0)	(107, 0.0)	(108, 0.0)	(109, 0.000350297)	(110, 0.0)	(111, 0.0)	(112, 0.00012125700000000001)	(113, 0.00361075)	(114, 0.0)	(115, 0.0)	(116, 0.0)	(117, 0.0)	(118, 0.0)	(119, 0.0)	(120, 0.000269459)	(121, 0.0)	(122, 0.0)	(123, 0.0)	(124, 0.0)	(125, 0.0)	(126, 0.00152244)	(127, 4.04188e-05)	(128, 0.00222304)	(129, 0.000215567)	(130, 0.08818050000000001)	(131, 1.34729e-05)	(132, 0.0)	(133, 0.0)	(134, 0.0)	(135, 0.0)	(136, 0.0)	(137, 0.0)	(138, 0.000323351)	(139, 0.0)	(140, 0.000255986)	(141, 0.00012125700000000001)	(142, 0.0)	(143, 2.69459e-05)	(144, 0.00285627)	(145, 0.000538918)	(146, 0.000282932)	(147, 0.000511972)	(148, 0.0)	(149, 0.00047155300000000004)	(150, 0.0)
M145_3_4	(1, 0.0)	(2, 0.21046900000000002)	(3, 0.0)	(4, 0.0)	(5, 0.0)	(6, 0.0)	(7, 0.000370158)	(8, 0.00142579)	(9, 0.0)	(10, 0.0)	(11, 0.0)	(12, 0.0)	(13, 0.0)	(14, 0.00106934)	(15, 0.0)	(16, 0.0)	(17, 0.25194)	(18, 0.0)	(19, 0.0)	(20, 0.0)	(21, 0.0)	(22, 0.0)	(23, 0.0)	(24, 0.0)	(25, 0.0)	(26, 0.0)	(27, 0.0)	(28, 0.0)	(29, 2.7419100000000003e-05)	(30, 0.0)	(31, 0.0)	(32, 0.0)	(33, 0.0)	(34, 0.0)	(35, 0.0)	(36, 0.0)	(37, 0.0)	(38, 0.0)	(39, 0.0)	(40, 0.0)	(41, 0.0)	(42, 0.0)	(43, 0.0)	(44, 0.0959256)	(45, 0.0)	(46, 0.0)	(47, 0.0)	(48, 0.0)	(49, 0.0)	(50, 0.0)	(51, 0.00141208)	(52, 0.0)	(53, 0.0)	(54, 0.0)	(55, 0.0)	(56, 0.0)	(57, 0.0)	(58, 0.0)	(59, 0.00043870499999999995)	(60, 0.000726605)	(61, 0.0)	(62, 0.0)	(63, 0.08634270000000001)	(64, 0.0)	(65, 0.0)	(66, 0.0)	(67, 0.0)	(68, 0.0)	(69, 0.0)	(70, 0.0)	(71, 0.0)	(72, 0.0)	(73, 0.0)	(74, 0.0)	(75, 0.0)	(76, 0.0)	(77, 0.0)	(78, 0.0)	(79, 0.0)	(80, 0.0)	(81, 0.0)	(82, 1.37095e-05)	(83, 0.0)	(84, 0.0)	(85, 0.0)	(86, 0.0)	(87, 0.0)	(88, 0.0)	(89, 0.00555236)	(90, 0.0)	(91, 0.0)	(92, 0.0)	(93, 0.0)	(94, 0.0)	(95, 0.171369)	(96, 0.0)	(97, 0.000466124)	(98, 0.000904829)	(99, 0.0)	(100, 0.00041128599999999996)	(101, 0.0)	(102, 0.0)	(103, 0.0)	(104, 1.37095e-05)	(105, 0.0084862)	(106, 0.0)	(107, 0.0)	(108, 0.0)	(109, 0.000315319)	(110, 0.0)	(111, 0.0)	(112, 0.000191934)	(113, 0.0035370600000000003)	(114, 0.0)	(115, 0.0)	(116, 0.0)	(117, 0.0)	(118, 0.0)	(119, 0.0)	(120, 0.00021935299999999999)	(121, 0.0)	(122, 0.0)	(123, 0.0)	(124, 0.0)	(125, 0.0)	(126, 0.00141208)	(127, 2.7419100000000003e-05)	(128, 0.00228949)	(129, 0.0002879)	(130, 0.0870281)	(131, 0.0)	(132, 0.0)	(133, 0.0)	(134, 0.0)	(135, 0.0)	(136, 0.0)	(137, 0.0)	(138, 0.00030161)	(139, 0.0)	(140, 0.00021935299999999999)	(141, 5.4838200000000006e-05)	(142, 0.0)	(143, 5.4838200000000006e-05)	(144, 0.00282416)	(145, 0.000699186)	(146, 0.00027419099999999996)	(147, 0.0005072529999999999)	(148, 0.0)	(149, 0.00041128599999999996)	(150, 0.0)
