Sample	0	1	2	3	4	5	6	7	8	9	10	11	12	13	14	15	16	17	18	19	20	21	22	23	24	25	26	27	28	29	30	31	32	33	34	35	36	37	38	39	40	41	42	43	44	45	46	47	48	49	50	51	52	53	54	55	56	57	58	59	60	61	62	63	64	65	66	67	68	69	70	71	72	73	74	75	76	77	78	79	80	81	82	83	84	85	86	87	88	89	90	91	92	93	94	95	96	97	98	99	100	101	102	103	104	105	106	107	108	109	110	111	112	113	114	115	116	117	118	119	120	121	122	123	124	125	126	127	128	129	130	131	132	133	134	135	136	137	138	139	140	141	142	143	144	145	146	147	148	149
M145_1_1	(1, 80.78840000000001)	(2, 67.1104)	(3, 71.9821)	(4, 73.7408)	(5, 66.2021)	(6, 63.381699999999995)	(7, 58.946)	(8, 63.2421)	(9, 64.0514)	(10, 66.0053)	(11, 71.9908)	(12, 71.6221)	(13, 69.8566)	(14, 68.16680000000001)	(15, 66.7865)	(16, 67.7603)	(17, 67.0701)	(18, 67.823)	(19, 69.5863)	(20, 68.1313)	(21, 67.4042)	(22, 69.68900000000001)	(23, 69.0008)	(24, 68.9936)	(25, 70.1925)	(26, 69.05019999999999)	(27, 68.8405)	(28, 68.3338)	(29, 68.7384)	(30, 68.1455)	(31, 69.2417)	(32, 67.8697)	(33, 68.0909)	(34, 69.9036)	(35, 68.5912)	(36, 67.8143)	(37, 70.3027)	(38, 69.0847)	(39, 68.2028)	(40, 69.0729)	(41, 67.353)	(42, 67.0264)	(43, 67.9786)	(44, 68.78689999999999)	(45, 68.1072)	(46, 70.624)	(47, 70.0875)	(48, 69.5072)	(49, 70.5586)	(50, 68.695)	(51, 68.0845)	(52, 70.211)	(53, 68.30279999999999)	(54, 68.9987)	(55, 69.51610000000001)	(56, 68.9388)	(57, 67.89410000000001)	(58, 69.4541)	(59, 68.575)	(60, 68.78020000000001)	(61, 71.013)	(62, 69.1802)	(63, 69.1281)	(64, 68.9799)	(65, 69.5437)	(66, 68.4743)	(67, 69.9281)	(68, 69.0175)	(69, 67.52359999999999)	(70, 68.5523)	(71, 68.1296)	(72, 69.2127)	(73, 68.894)	(74, 67.7952)	(75, 66.6632)	(76, 68.7455)	(77, 67.7489)	(78, 68.9905)	(79, 70.05449999999999)	(80, 69.90849999999999)	(81, 69.5376)	(82, 70.8281)	(83, 69.7437)	(84, 69.4261)	(85, 70.31349999999999)	(86, 69.9573)	(87, 68.8627)	(88, 70.0237)	(89, 67.8737)	(90, 68.2463)	(91, 68.60730000000001)	(92, 67.0873)	(93, 67.7927)	(94, 68.6767)	(95, 69.05980000000001)	(96, 69.3242)	(97, 69.84939999999999)	(98, 68.4519)	(99, 68.8073)	(100, 69.1126)	(101, 69.6494)	(102, 67.8403)	(103, 68.6061)	(104, 68.3952)	(105, 67.5098)	(106, 68.8763)	(107, 67.9018)	(108, 69.0244)	(109, 70.2947)	(110, 69.6883)	(111, 68.57950000000001)	(112, 70.3319)	(113, 69.7442)	(114, 69.1613)	(115, 69.4228)	(116, 69.8426)	(117, 68.9299)	(118, 70.1254)	(119, 67.9697)	(120, 68.40230000000001)	(121, 68.4958)	(122, 68.11580000000001)	(123, 67.0096)	(124, 68.8737)	(125, 67.67689999999999)	(126, 67.78840000000001)	(127, 68.6916)	(128, 67.6133)	(129, 67.2778)	(130, 68.209)	(131, 67.891)	(132, 67.4322)	(133, 67.9674)	(134, 67.6489)	(135, 68.5034)	(136, 70.25909999999999)	(137, 69.8319)	(138, 67.6721)	(139, 68.7546)	(140, 67.38589999999999)	(141, 67.19760000000001)	(142, 69.4932)	(143, 68.2376)	(144, 68.054)	(145, 69.7976)	(146, 69.3263)	(147, 69.2426)	(148, 70.34700000000001)	(149, 68.4534)	(150, 68.29990000000001)
M145_1_2	(1, 80.8447)	(2, 67.0801)	(3, 71.9362)	(4, 73.7169)	(5, 66.1765)	(6, 63.3267)	(7, 59.0201)	(8, 63.3162)	(9, 64.1058)	(10, 65.9875)	(11, 72.0309)	(12, 71.6314)	(13, 69.7815)	(14, 68.12939999999999)	(15, 66.8319)	(16, 67.84750000000001)	(17, 67.1306)	(18, 67.86670000000001)	(19, 69.6728)	(20, 68.082)	(21, 67.3574)	(22, 69.69539999999999)	(23, 68.9756)	(24, 68.9755)	(25, 70.2149)	(26, 69.0438)	(27, 68.86949999999999)	(28, 68.3983)	(29, 68.7461)	(30, 68.158)	(31, 69.24040000000001)	(32, 67.86330000000001)	(33, 68.0962)	(34, 69.9064)	(35, 68.5726)	(36, 67.8319)	(37, 70.2765)	(38, 69.1052)	(39, 68.2369)	(40, 69.11659999999999)	(41, 67.3223)	(42, 67.0574)	(43, 68.03909999999999)	(44, 68.8198)	(45, 68.1579)	(46, 70.6941)	(47, 70.0585)	(48, 69.4945)	(49, 70.55590000000001)	(50, 68.6883)	(51, 68.1971)	(52, 70.242)	(53, 68.33120000000001)	(54, 69.01089999999999)	(55, 69.5539)	(56, 68.9114)	(57, 67.89789999999999)	(58, 69.5073)	(59, 68.5677)	(60, 68.8326)	(61, 70.9936)	(62, 69.1854)	(63, 69.14529999999999)	(64, 69.0462)	(65, 69.51180000000001)	(66, 68.49260000000001)	(67, 69.943)	(68, 68.9756)	(69, 67.5515)	(70, 68.61120000000001)	(71, 68.1594)	(72, 69.2367)	(73, 68.9238)	(74, 67.8108)	(75, 66.7013)	(76, 68.79560000000001)	(77, 67.7758)	(78, 68.9841)	(79, 70.0404)	(80, 69.9037)	(81, 69.5072)	(82, 70.85249999999999)	(83, 69.7547)	(84, 69.3957)	(85, 70.3715)	(86, 69.9634)	(87, 68.9136)	(88, 70.0372)	(89, 67.899)	(90, 68.277)	(91, 68.6362)	(92, 67.0769)	(93, 67.8029)	(94, 68.7291)	(95, 69.0968)	(96, 69.3112)	(97, 69.881)	(98, 68.5082)	(99, 68.7907)	(100, 69.1693)	(101, 69.5878)	(102, 67.7915)	(103, 68.6928)	(104, 68.4125)	(105, 67.5187)	(106, 68.9115)	(107, 67.9405)	(108, 69.00500000000001)	(109, 70.3165)	(110, 69.6793)	(111, 68.5849)	(112, 70.2984)	(113, 69.73230000000001)	(114, 69.1987)	(115, 69.429)	(116, 69.83500000000001)	(117, 68.86370000000001)	(118, 70.1794)	(119, 67.9482)	(120, 68.4303)	(121, 68.55)	(122, 68.1316)	(123, 67.04769999999999)	(124, 68.8717)	(125, 67.70479999999999)	(126, 67.8454)	(127, 68.7531)	(128, 67.6224)	(129, 67.2699)	(130, 68.2921)	(131, 67.898)	(132, 67.4546)	(133, 68.0466)	(134, 67.6523)	(135, 68.5418)	(136, 70.281)	(137, 69.85900000000001)	(138, 67.6575)	(139, 68.791)	(140, 67.39450000000001)	(141, 67.2424)	(142, 69.52380000000001)	(143, 68.2246)	(144, 68.0681)	(145, 69.8276)	(146, 69.3055)	(147, 69.28370000000001)	(148, 70.36829999999999)	(149, 68.4147)	(150, 68.289)
M145_1_3	(1, 80.9279)	(2, 66.8864)	(3, 71.7697)	(4, 73.5133)	(5, 65.9131)	(6, 63.14149999999999)	(7, 58.7789)	(8, 63.4246)	(9, 64.0454)	(10, 65.9279)	(11, 72.1405)	(12, 71.5996)	(13, 69.6943)	(14, 68.105)	(15, 66.69709999999999)	(16, 67.732)	(17, 66.9687)	(18, 67.7602)	(19, 69.5942)	(20, 68.0906)	(21, 67.26379999999999)	(22, 69.6362)	(23, 68.9902)	(24, 68.9082)	(25, 70.15090000000001)	(26, 69.00359999999999)	(27, 68.7975)	(28, 68.3462)	(29, 68.75139999999999)	(30, 68.1064)	(31, 69.1532)	(32, 67.8669)	(33, 68.04440000000001)	(34, 69.8439)	(35, 68.5688)	(36, 67.9014)	(37, 70.2434)	(38, 69.0605)	(39, 68.1013)	(40, 68.9931)	(41, 67.2601)	(42, 67.0258)	(43, 67.9052)	(44, 68.7258)	(45, 68.15719999999999)	(46, 70.6404)	(47, 70.0419)	(48, 69.4289)	(49, 70.6402)	(50, 68.6814)	(51, 68.10310000000001)	(52, 70.2156)	(53, 68.2704)	(54, 68.9661)	(55, 69.4391)	(56, 68.8439)	(57, 67.8554)	(58, 69.4319)	(59, 68.5662)	(60, 68.75139999999999)	(61, 70.9685)	(62, 69.1472)	(63, 68.98389999999999)	(64, 68.90610000000001)	(65, 69.5177)	(66, 68.318)	(67, 69.8204)	(68, 68.9659)	(69, 67.464)	(70, 68.4952)	(71, 68.1671)	(72, 69.214)	(73, 68.82740000000001)	(74, 67.9123)	(75, 66.68990000000001)	(76, 68.7209)	(77, 67.8213)	(78, 69.00410000000001)	(79, 69.9802)	(80, 70.1797)	(81, 69.4341)	(82, 70.7299)	(83, 69.67269999999999)	(84, 69.2842)	(85, 70.2647)	(86, 69.9597)	(87, 68.7982)	(88, 69.91720000000001)	(89, 67.8258)	(90, 68.1713)	(91, 68.4979)	(92, 67.01089999999999)	(93, 67.70230000000001)	(94, 68.6133)	(95, 68.91000000000001)	(96, 69.1868)	(97, 69.6789)	(98, 68.4698)	(99, 68.74)	(100, 69.0729)	(101, 69.62620000000001)	(102, 67.7138)	(103, 68.561)	(104, 68.3639)	(105, 67.4152)	(106, 68.888)	(107, 67.9206)	(108, 68.9961)	(109, 70.2901)	(110, 69.6649)	(111, 68.49)	(112, 70.2335)	(113, 69.6688)	(114, 69.1042)	(115, 69.29610000000001)	(116, 69.7929)	(117, 68.8218)	(118, 70.0132)	(119, 67.89359999999999)	(120, 68.34989999999999)	(121, 68.4041)	(122, 68.1092)	(123, 66.9431)	(124, 68.8001)	(125, 67.5917)	(126, 67.71239999999999)	(127, 68.64789999999999)	(128, 67.4893)	(129, 67.17269999999999)	(130, 68.1086)	(131, 67.7952)	(132, 67.3407)	(133, 67.92089999999999)	(134, 67.64)	(135, 68.5276)	(136, 70.18520000000001)	(137, 69.8469)	(138, 67.55109999999999)	(139, 68.6742)	(140, 67.3308)	(141, 67.1316)	(142, 69.42960000000001)	(143, 68.1892)	(144, 67.9667)	(145, 69.7264)	(146, 69.3113)	(147, 69.2264)	(148, 70.2556)	(149, 68.3611)	(150, 68.21209999999999)
M145_2_1	(1, 80.8681)	(2, 66.5628)	(3, 72.8985)	(4, 74.7948)	(5, 65.6444)	(6, 62.97580000000001)	(7, 56.7149)	(8, 61.64340000000001)	(9, 63.91250000000001)	(10, 67.2502)	(11, 72.634)	(12, 73.3239)	(13, 71.3161)	(14, 69.22739999999999)	(15, 65.96340000000001)	(16, 65.7104)	(17, 65.40780000000001)	(18, 67.9497)	(19, 69.9387)	(20, 68.1982)	(21, 66.3999)	(22, 69.8681)	(23, 69.7008)	(24, 70.0311)	(25, 71.1589)	(26, 69.6401)	(27, 69.76)	(28, 67.06410000000001)	(29, 68.96130000000001)	(30, 68.502)	(31, 68.9962)	(32, 67.2547)	(33, 68.3286)	(34, 70.3997)	(35, 68.7944)	(36, 67.4359)	(37, 70.8013)	(38, 69.756)	(39, 68.1373)	(40, 68.1524)	(41, 65.0897)	(42, 64.96849999999999)	(43, 65.6073)	(44, 68.53869999999999)	(45, 67.4412)	(46, 71.4302)	(47, 71.53110000000001)	(48, 70.8327)	(49, 71.84009999999999)	(50, 68.6226)	(51, 67.80199999999999)	(52, 70.6355)	(53, 67.7756)	(54, 69.6776)	(55, 69.4756)	(56, 68.9885)	(57, 67.118)	(58, 69.19189999999999)	(59, 68.1182)	(60, 68.7009)	(61, 71.9909)	(62, 69.1896)	(63, 69.84)	(64, 68.2166)	(65, 70.0017)	(66, 68.3804)	(67, 70.19760000000001)	(68, 69.0378)	(69, 66.13799999999999)	(70, 67.3441)	(71, 67.548)	(72, 70.3252)	(73, 68.0027)	(74, 67.2053)	(75, 64.9606)	(76, 66.99589999999999)	(77, 66.6169)	(78, 70.03439999999999)	(79, 70.2964)	(80, 71.5932)	(81, 70.90910000000001)	(82, 72.2012)	(83, 70.8032)	(84, 70.5112)	(85, 70.7464)	(86, 70.99600000000001)	(87, 69.4333)	(88, 70.5884)	(89, 66.6137)	(90, 67.9424)	(91, 67.18119999999999)	(92, 65.09859999999999)	(93, 66.8126)	(94, 67.2963)	(95, 69.24860000000001)	(96, 70.34949999999999)	(97, 69.8666)	(98, 67.91329999999999)	(99, 68.9447)	(100, 68.1296)	(101, 70.3955)	(102, 66.8737)	(103, 67.4196)	(104, 67.92909999999999)	(105, 66.8107)	(106, 68.4316)	(107, 66.903)	(108, 69.8434)	(109, 71.0934)	(110, 71.0627)	(111, 68.5908)	(112, 70.9652)	(113, 70.5407)	(114, 70.2249)	(115, 69.757)	(116, 71.5042)	(117, 69.796)	(118, 71.0796)	(119, 67.3079)	(120, 68.8814)	(121, 67.6532)	(122, 67.655)	(123, 65.3481)	(124, 68.2852)	(125, 66.4672)	(126, 67.2621)	(127, 67.7266)	(128, 65.7967)	(129, 65.9945)	(130, 66.3624)	(131, 66.8523)	(132, 65.9673)	(133, 65.5378)	(134, 66.199)	(135, 68.9348)	(136, 71.69069999999999)	(137, 71.2793)	(138, 67.14240000000001)	(139, 68.2607)	(140, 65.7693)	(141, 65.6324)	(142, 69.3445)	(143, 67.7842)	(144, 67.48729999999999)	(145, 69.9245)	(146, 70.1922)	(147, 70.5875)	(148, 71.4439)	(149, 67.9592)	(150, 68.5581)
M145_2_3	(1, 81.0101)	(2, 67.033)	(3, 73.20830000000001)	(4, 75.3005)	(5, 65.8926)	(6, 62.8113)	(7, 55.8496)	(8, 60.7208)	(9, 63.100199999999994)	(10, 66.9834)	(11, 71.8484)	(12, 72.90299999999999)	(13, 71.3236)	(14, 69.4217)	(15, 66.07650000000001)	(16, 65.527)	(17, 65.26520000000001)	(18, 67.6151)	(19, 69.7469)	(20, 67.9117)	(21, 66.0327)	(22, 69.5021)	(23, 69.3745)	(24, 69.652)	(25, 70.85709999999999)	(26, 69.5048)	(27, 69.6905)	(28, 66.94630000000001)	(29, 68.7542)	(30, 68.2912)	(31, 69.0634)	(32, 66.85990000000001)	(33, 67.91279999999999)	(34, 70.4247)	(35, 68.2994)	(36, 67.0721)	(37, 70.6399)	(38, 69.6053)	(39, 67.78309999999999)	(40, 67.90079999999999)	(41, 64.7546)	(42, 64.53529999999999)	(43, 65.2829)	(44, 68.43679999999999)	(45, 67.2756)	(46, 71.488)	(47, 71.4306)	(48, 70.7195)	(49, 71.7787)	(50, 68.5774)	(51, 67.6763)	(52, 70.3955)	(53, 67.4783)	(54, 69.217)	(55, 69.1532)	(56, 68.7047)	(57, 67.0333)	(58, 68.9986)	(59, 67.9689)	(60, 68.1234)	(61, 71.9044)	(62, 69.2048)	(63, 69.6784)	(64, 68.2276)	(65, 69.59769999999999)	(66, 67.88419999999999)	(67, 69.80330000000001)	(68, 68.5663)	(69, 65.6533)	(70, 66.9413)	(71, 67.0187)	(72, 70.3172)	(73, 67.9126)	(74, 67.206)	(75, 64.7119)	(76, 66.7775)	(77, 66.2699)	(78, 69.8395)	(79, 70.2147)	(80, 71.5523)	(81, 70.7419)	(82, 72.003)	(83, 70.7645)	(84, 70.2442)	(85, 70.62310000000001)	(86, 70.8481)	(87, 69.2444)	(88, 70.478)	(89, 66.4894)	(90, 67.62209999999999)	(91, 67.19659999999999)	(92, 64.81139999999999)	(93, 66.3929)	(94, 67.0489)	(95, 68.84270000000001)	(96, 70.3206)	(97, 69.7103)	(98, 67.4148)	(99, 68.4769)	(100, 67.9193)	(101, 70.3173)	(102, 66.703)	(103, 67.3532)	(104, 67.67030000000001)	(105, 66.76389999999999)	(106, 67.839)	(107, 66.5181)	(108, 69.4759)	(109, 70.6701)	(110, 70.8121)	(111, 68.2987)	(112, 70.5957)	(113, 70.1636)	(114, 69.8245)	(115, 69.0733)	(116, 71.3087)	(117, 69.3329)	(118, 70.8535)	(119, 66.9297)	(120, 68.53280000000001)	(121, 67.6328)	(122, 67.3456)	(123, 64.8759)	(124, 67.839)	(125, 66.2844)	(126, 66.7784)	(127, 67.5698)	(128, 65.5064)	(129, 65.82000000000001)	(130, 65.6675)	(131, 66.4143)	(132, 65.6392)	(133, 65.0729)	(134, 65.9593)	(135, 68.5691)	(136, 71.6627)	(137, 71.1755)	(138, 67.1504)	(139, 67.99260000000001)	(140, 65.5268)	(141, 65.2405)	(142, 69.3589)	(143, 67.6152)	(144, 66.9405)	(145, 69.7489)	(146, 69.92530000000001)	(147, 70.3977)	(148, 71.3545)	(149, 67.8967)	(150, 68.0421)
M145_2_4	(1, 81.26259999999999)	(2, 68.5302)	(3, 74.1872)	(4, 76.4199)	(5, 67.5874)	(6, 63.35039999999999)	(7, 55.4177)	(8, 59.6277)	(9, 61.6723)	(10, 66.0935)	(11, 69.8601)	(12, 71.6653)	(13, 71.3752)	(14, 69.748)	(15, 67.5188)	(16, 66.634)	(17, 66.3433)	(18, 67.7227)	(19, 69.49300000000001)	(20, 68.5832)	(21, 66.9097)	(22, 69.3037)	(23, 68.1598)	(24, 69.086)	(25, 70.05630000000001)	(26, 69.3642)	(27, 69.5499)	(28, 67.3505)	(29, 69.1957)	(30, 68.3489)	(31, 70.18029999999999)	(32, 67.7598)	(33, 67.7223)	(34, 70.4309)	(35, 67.5083)	(36, 67.2036)	(37, 70.78)	(38, 69.528)	(39, 67.7576)	(40, 67.89920000000001)	(41, 65.29690000000001)	(42, 65.0504)	(43, 66.08619999999999)	(44, 68.6886)	(45, 67.6172)	(46, 71.9546)	(47, 71.1434)	(48, 70.6652)	(49, 71.8008)	(50, 69.6416)	(51, 68.7519)	(52, 70.6443)	(53, 68.43939999999999)	(54, 68.7742)	(55, 68.805)	(56, 68.5544)	(57, 67.5821)	(58, 69.0938)	(59, 68.5875)	(60, 67.4831)	(61, 71.4341)	(62, 69.7705)	(63, 69.93700000000001)	(64, 69.3362)	(65, 69.05799999999999)	(66, 67.0266)	(67, 69.2143)	(68, 67.7829)	(69, 65.96600000000001)	(70, 68.4077)	(71, 67.0076)	(72, 70.6298)	(73, 69.1244)	(74, 69.10640000000001)	(75, 66.49000000000001)	(76, 68.2949)	(77, 67.3179)	(78, 70.3207)	(79, 71.0506)	(80, 71.5369)	(81, 70.35)	(82, 71.4341)	(83, 70.56750000000001)	(84, 69.8232)	(85, 70.2329)	(86, 70.5891)	(87, 68.72970000000001)	(88, 70.7522)	(89, 67.4008)	(90, 67.7863)	(91, 68.1114)	(92, 65.8161)	(93, 66.0819)	(94, 67.24940000000001)	(95, 68.0531)	(96, 70.2172)	(97, 69.5312)	(98, 66.93090000000001)	(99, 67.8511)	(100, 68.638)	(101, 70.6739)	(102, 67.98870000000001)	(103, 69.0393)	(104, 67.8817)	(105, 68.07039999999999)	(106, 67.6933)	(107, 67.1031)	(108, 69.5883)	(109, 70.03359999999999)	(110, 70.6656)	(111, 68.6738)	(112, 70.562)	(113, 69.4645)	(114, 69.1398)	(115, 67.7617)	(116, 70.6301)	(117, 68.15719999999999)	(118, 70.67020000000001)	(119, 67.485)	(120, 68.5586)	(121, 68.89699999999999)	(122, 67.3596)	(123, 64.9265)	(124, 67.13799999999999)	(125, 66.8621)	(126, 66.4304)	(127, 68.4292)	(128, 66.8527)	(129, 66.9792)	(130, 65.2771)	(131, 65.90859999999999)	(132, 65.9221)	(133, 65.7999)	(134, 67.05449999999999)	(135, 67.9005)	(136, 71.8129)	(137, 71.07050000000001)	(138, 68.6101)	(139, 68.5371)	(140, 66.3182)	(141, 65.7933)	(142, 69.7935)	(143, 68.3451)	(144, 66.7018)	(145, 69.7895)	(146, 69.2042)	(147, 69.6181)	(148, 71.2478)	(149, 68.4921)	(150, 67.606)
M145_3_2	(1, 80.9001)	(2, 65.8304)	(3, 73.28529999999999)	(4, 74.5912)	(5, 65.28829999999999)	(6, 62.892199999999995)	(7, 56.5815)	(8, 62.779799999999994)	(9, 64.2992)	(10, 67.17030000000001)	(11, 72.6922)	(12, 73.7395)	(13, 71.21119999999999)	(14, 68.7484)	(15, 65.37950000000001)	(16, 65.3072)	(17, 65.30470000000001)	(18, 68.07)	(19, 69.7407)	(20, 68.3888)	(21, 66.136)	(22, 69.81779999999999)	(23, 69.306)	(24, 69.82350000000001)	(25, 70.9665)	(26, 69.0984)	(27, 69.34179999999999)	(28, 66.4109)	(29, 69.0394)	(30, 68.3858)	(31, 69.0881)	(32, 67.5885)	(33, 68.1943)	(34, 69.9382)	(35, 68.44630000000001)	(36, 67.3522)	(37, 70.55930000000001)	(38, 69.1361)	(39, 67.2762)	(40, 66.8346)	(41, 63.841899999999995)	(42, 64.7783)	(43, 64.82560000000001)	(44, 68.6005)	(45, 67.3929)	(46, 71.7182)	(47, 71.7647)	(48, 70.67949999999999)	(49, 71.8352)	(50, 68.756)	(51, 68.3857)	(52, 70.8813)	(53, 67.3299)	(54, 69.65090000000001)	(55, 68.5412)	(56, 68.1021)	(57, 66.8369)	(58, 68.7221)	(59, 67.8631)	(60, 68.7359)	(61, 72.14500000000001)	(62, 69.41850000000001)	(63, 69.97569999999999)	(64, 67.70620000000001)	(65, 70.01190000000001)	(66, 67.4797)	(67, 69.3609)	(68, 68.506)	(69, 65.4637)	(70, 67.3528)	(71, 67.3646)	(72, 70.46249999999999)	(73, 67.6913)	(74, 67.8712)	(75, 64.99239999999999)	(76, 67.00829999999999)	(77, 67.0146)	(78, 70.535)	(79, 70.3478)	(80, 72.0259)	(81, 70.6969)	(82, 71.8768)	(83, 70.1953)	(84, 70.0519)	(85, 69.93509999999999)	(86, 70.5631)	(87, 69.0523)	(88, 70.3804)	(89, 66.1388)	(90, 67.7088)	(91, 66.4667)	(92, 64.5308)	(93, 66.2235)	(94, 66.9231)	(95, 69.3542)	(96, 69.8055)	(97, 68.58999999999999)	(98, 66.9201)	(99, 68.5656)	(100, 67.8665)	(101, 70.6523)	(102, 66.4377)	(103, 67.4477)	(104, 67.48920000000001)	(105, 66.1945)	(106, 68.0798)	(107, 66.3772)	(108, 70.0984)	(109, 71.1629)	(110, 71.0433)	(111, 68.67370000000001)	(112, 71.0331)	(113, 69.9511)	(114, 69.774)	(115, 68.8309)	(116, 71.3323)	(117, 69.4158)	(118, 70.6105)	(119, 67.1762)	(120, 69.06139999999999)	(121, 67.2384)	(122, 67.0076)	(123, 64.75370000000001)	(124, 67.7543)	(125, 65.9869)	(126, 67.0543)	(127, 67.4727)	(128, 65.0957)	(129, 65.5242)	(130, 65.3108)	(131, 65.7991)	(132, 65.63250000000001)	(133, 64.6841)	(134, 66.21770000000001)	(135, 69.1821)	(136, 71.8004)	(137, 71.07900000000001)	(138, 66.5003)	(139, 67.4409)	(140, 65.18119999999999)	(141, 65.7194)	(142, 69.0369)	(143, 67.5526)	(144, 66.7957)	(145, 68.979)	(146, 69.7969)	(147, 70.65390000000001)	(148, 71.14869999999999)	(149, 67.6913)	(150, 68.7885)
M145_3_3	(1, 81.24130000000001)	(2, 66.2841)	(3, 74.0135)	(4, 75.164)	(5, 65.0585)	(6, 61.8594)	(7, 53.421099999999996)	(8, 60.26089999999999)	(9, 62.3007)	(10, 66.3874)	(11, 71.3783)	(12, 73.6961)	(13, 71.3034)	(14, 68.6044)	(15, 64.45349999999999)	(16, 63.775400000000005)	(17, 64.273)	(18, 67.2906)	(19, 68.9084)	(20, 67.8706)	(21, 65.2114)	(22, 68.9222)	(23, 68.244)	(24, 68.9368)	(25, 70.1229)	(26, 68.6829)	(27, 68.97999999999999)	(28, 65.0664)	(29, 68.5153)	(30, 67.5907)	(31, 69.0544)	(32, 66.9736)	(33, 67.6062)	(34, 69.5599)	(35, 67.23949999999999)	(36, 66.0388)	(37, 70.1553)	(38, 68.4703)	(39, 65.94529999999999)	(40, 65.3529)	(41, 62.130399999999995)	(42, 63.4043)	(43, 63.5135)	(44, 68.2119)	(45, 66.8168)	(46, 71.9406)	(47, 71.9795)	(48, 70.6893)	(49, 71.92739999999999)	(50, 68.6694)	(51, 68.2465)	(52, 70.587)	(53, 66.55969999999999)	(54, 68.9451)	(55, 67.1563)	(56, 66.9879)	(57, 66.0119)	(58, 67.619)	(59, 67.52629999999999)	(60, 67.8276)	(61, 72.2599)	(62, 69.6327)	(63, 70.2402)	(64, 67.4331)	(65, 69.8959)	(66, 66.4261)	(67, 68.5218)	(68, 67.3892)	(69, 64.2223)	(70, 66.4231)	(71, 66.0841)	(72, 70.6009)	(73, 66.8751)	(74, 67.9515)	(75, 64.0555)	(76, 66.1589)	(77, 66.1489)	(78, 70.60220000000001)	(79, 70.3635)	(80, 72.3189)	(81, 70.7575)	(82, 71.7509)	(83, 70.258)	(84, 69.7867)	(85, 69.2355)	(86, 70.3085)	(87, 68.28739999999999)	(88, 69.8398)	(89, 65.1652)	(90, 66.9053)	(91, 65.6999)	(92, 63.5316)	(93, 64.9216)	(94, 65.6178)	(95, 68.7405)	(96, 69.7218)	(97, 67.85940000000001)	(98, 65.0849)	(99, 67.3626)	(100, 66.7703)	(101, 70.93350000000001)	(102, 65.7556)	(103, 66.9303)	(104, 66.3481)	(105, 65.46119999999999)	(106, 66.1285)	(107, 65.0062)	(108, 69.4979)	(109, 70.4956)	(110, 70.93730000000001)	(111, 68.3892)	(112, 70.4623)	(113, 69.3604)	(114, 69.01650000000001)	(115, 67.1994)	(116, 71.1354)	(117, 68.4704)	(118, 70.4658)	(119, 66.4747)	(120, 68.4936)	(121, 66.73440000000001)	(122, 65.8755)	(123, 63.02799999999999)	(124, 66.4311)	(125, 65.033)	(126, 65.6606)	(127, 66.6392)	(128, 64.07310000000001)	(129, 64.6007)	(130, 63.064)	(131, 64.2755)	(132, 64.4453)	(133, 63.1387)	(134, 65.32759999999999)	(135, 68.3113)	(136, 71.7378)	(137, 71.0385)	(138, 66.0489)	(139, 66.4499)	(140, 63.942)	(141, 64.8558)	(142, 68.80199999999999)	(143, 66.9269)	(144, 65.1481)	(145, 68.04639999999999)	(146, 69.0549)	(147, 70.5777)	(148, 71.3001)	(149, 67.5061)	(150, 68.2898)
M145_3_4	(1, 80.7516)	(2, 65.4289)	(3, 73.4569)	(4, 75.1073)	(5, 65.2371)	(6, 62.72)	(7, 55.3133)	(8, 61.0738)	(9, 63.4417)	(10, 67.3157)	(11, 72.3791)	(12, 74.2042)	(13, 71.7312)	(14, 69.1626)	(15, 64.7179)	(16, 63.9418)	(17, 63.987300000000005)	(18, 67.6999)	(19, 69.4358)	(20, 68.1387)	(21, 65.6034)	(22, 69.4643)	(23, 69.0058)	(24, 69.7368)	(25, 70.7166)	(26, 69.31819999999999)	(27, 69.6112)	(28, 65.4088)	(29, 68.5402)	(30, 67.96990000000001)	(31, 69.004)	(32, 67.10629999999999)	(33, 67.98349999999999)	(34, 69.7663)	(35, 67.8645)	(36, 66.672)	(37, 70.5409)	(38, 68.95599999999999)	(39, 66.561)	(40, 66.1489)	(41, 62.74849999999999)	(42, 63.401799999999994)	(43, 63.565000000000005)	(44, 68.1225)	(45, 66.6335)	(46, 71.8274)	(47, 72.2417)	(48, 71.0793)	(49, 72.40769999999999)	(50, 68.7118)	(51, 68.1633)	(52, 70.96679999999999)	(53, 66.7407)	(54, 69.5816)	(55, 67.90620000000001)	(56, 67.69579999999999)	(57, 65.8571)	(58, 67.8684)	(59, 67.4053)	(60, 68.2483)	(61, 72.4491)	(62, 69.4003)	(63, 70.28609999999999)	(64, 67.3212)	(65, 70.0355)	(66, 67.12129999999999)	(67, 69.226)	(68, 67.9336)	(69, 64.6463)	(70, 66.3045)	(71, 66.2237)	(72, 70.5686)	(73, 66.87429999999999)	(74, 67.16149999999999)	(75, 63.673)	(76, 65.95609999999999)	(77, 65.6684)	(78, 70.5371)	(79, 70.40650000000001)	(80, 72.3387)	(81, 71.3368)	(82, 72.52499999999999)	(83, 70.4896)	(84, 70.2824)	(85, 69.7419)	(86, 70.7551)	(87, 68.6992)	(88, 70.077)	(89, 65.1444)	(90, 67.3215)	(91, 65.4968)	(92, 63.413799999999995)	(93, 65.2934)	(94, 65.754)	(95, 68.9055)	(96, 70.0324)	(97, 68.53439999999999)	(98, 65.8744)	(99, 67.98100000000001)	(100, 67.03569999999999)	(101, 70.8731)	(102, 65.8785)	(103, 66.597)	(104, 66.7348)	(105, 65.4231)	(106, 66.8467)	(107, 65.2602)	(108, 69.8201)	(109, 70.91380000000001)	(110, 71.3786)	(111, 68.6617)	(112, 71.02000000000001)	(113, 70.203)	(114, 69.77)	(115, 68.3801)	(116, 71.6293)	(117, 69.4145)	(118, 71.1604)	(119, 66.9691)	(120, 68.97149999999999)	(121, 66.7382)	(122, 66.4769)	(123, 63.565099999999994)	(124, 67.08619999999999)	(125, 65.1239)	(126, 66.09469999999999)	(127, 66.64189999999999)	(128, 64.3149)	(129, 64.4993)	(130, 63.8544)	(131, 64.6966)	(132, 64.5003)	(133, 63.3406)	(134, 65.0779)	(135, 68.5972)	(136, 72.01910000000001)	(137, 71.5994)	(138, 66.06790000000001)	(139, 66.9015)	(140, 63.9641)	(141, 64.68260000000001)	(142, 68.7693)	(143, 66.9606)	(144, 65.9091)	(145, 68.6236)	(146, 69.46)	(147, 70.8407)	(148, 71.7551)	(149, 67.4476)	(150, 68.5556)
