Sample	0	1	2	3	4	5	6	7	8	9	10	11	12	13	14	15	16	17	18	19	20	21	22	23	24	25	26	27	28	29	30	31	32	33	34	35	36
M145_1_1_1	(12.0, 1.0)	(13.0, 85.0)	(14.0, 513.0)	(15.0, 1554.0)	(16.0, 2940.0)	(17.0, 4969.0)	(18.0, 7571.0)	(19.0, 10451.0)	(20.0, 13054.0)	(21.0, 14939.0)	(22.0, 17470.0)	(23.0, 20105.0)	(24.0, 21735.0)	(25.0, 24241.0)	(26.0, 26119.0)	(27.0, 28795.0)	(28.0, 32179.0)	(29.0, 35254.0)	(30.0, 40769.0)	(31.0, 45726.0)	(32.0, 53813.0)	(33.0, 63447.0)	(34.0, 78339.0)	(35.0, 104529.0)	(36.0, 146396.0)	(37.0, 254253.0)	(38.0, 528089.0)	(39.0, 3917271.0)	(40.0, 1718045.0)								
M145_1_1_2	(10.0, 3.0)	(11.0, 31.0)	(12.0, 178.0)	(13.0, 1059.0)	(14.0, 3761.0)	(15.0, 7511.0)	(16.0, 9711.0)	(17.0, 9962.0)	(18.0, 9814.0)	(19.0, 10334.0)	(20.0, 11425.0)	(21.0, 12640.0)	(22.0, 13774.0)	(23.0, 15247.0)	(24.0, 16482.0)	(25.0, 18709.0)	(26.0, 20521.0)	(27.0, 22715.0)	(28.0, 25021.0)	(29.0, 27807.0)	(30.0, 32578.0)	(31.0, 36213.0)	(32.0, 43553.0)	(33.0, 51750.0)	(34.0, 64714.0)	(35.0, 90105.0)	(36.0, 132348.0)	(37.0, 242736.0)	(38.0, 551104.0)	(39.0, 4186477.0)	(40.0, 1544369.0)						
M145_1_2_1	(12.0, 9.0)	(13.0, 105.0)	(14.0, 635.0)	(15.0, 1620.0)	(16.0, 2940.0)	(17.0, 4738.0)	(18.0, 6999.0)	(19.0, 9704.0)	(20.0, 11880.0)	(21.0, 14112.0)	(22.0, 16276.0)	(23.0, 18531.0)	(24.0, 20329.0)	(25.0, 22896.0)	(26.0, 24532.0)	(27.0, 26640.0)	(28.0, 29893.0)	(29.0, 32826.0)	(30.0, 37850.0)	(31.0, 42871.0)	(32.0, 50139.0)	(33.0, 59863.0)	(34.0, 73328.0)	(35.0, 98424.0)	(36.0, 138837.0)	(37.0, 243776.0)	(38.0, 514303.0)	(39.0, 3884846.0)	(40.0, 1462563.0)								
M145_1_2_2	(11.0, 24.0)	(12.0, 170.0)	(13.0, 1045.0)	(14.0, 3753.0)	(15.0, 7535.0)	(16.0, 9364.0)	(17.0, 9190.0)	(18.0, 9365.0)	(19.0, 9895.0)	(20.0, 10916.0)	(21.0, 11774.0)	(22.0, 13197.0)	(23.0, 14224.0)	(24.0, 15810.0)	(25.0, 17530.0)	(26.0, 19080.0)	(27.0, 20972.0)	(28.0, 23259.0)	(29.0, 25735.0)	(30.0, 30680.0)	(31.0, 34070.0)	(32.0, 40823.0)	(33.0, 48326.0)	(34.0, 60758.0)	(35.0, 84350.0)	(36.0, 124848.0)	(37.0, 230975.0)	(38.0, 529799.0)	(39.0, 4020741.0)	(40.0, 1423257.0)							
M145_1_3_1	(11.0, 1.0)	(12.0, 15.0)	(13.0, 216.0)	(14.0, 1306.0)	(15.0, 3057.0)	(16.0, 4567.0)	(17.0, 6763.0)	(18.0, 9648.0)	(19.0, 12915.0)	(20.0, 16022.0)	(21.0, 18455.0)	(22.0, 21279.0)	(23.0, 23998.0)	(24.0, 26372.0)	(25.0, 29917.0)	(26.0, 31864.0)	(27.0, 35122.0)	(28.0, 39557.0)	(29.0, 43078.0)	(30.0, 50007.0)	(31.0, 56430.0)	(32.0, 66616.0)	(33.0, 78564.0)	(34.0, 97030.0)	(35.0, 131138.0)	(36.0, 183955.0)	(37.0, 327045.0)	(38.0, 697163.0)	(39.0, 5056126.0)	(40.0, 1865354.0)							
M145_1_3_2	(4.0, 3.0)	(5.0, 29.0)	(6.0, 31.0)	(7.0, 55.0)	(8.0, 89.0)	(9.0, 325.0)	(10.0, 3163.0)	(11.0, 3915.0)	(12.0, 260.0)	(13.0, 1674.0)	(14.0, 5867.0)	(15.0, 10712.0)	(16.0, 12581.0)	(17.0, 12103.0)	(18.0, 11725.0)	(19.0, 12396.0)	(20.0, 13156.0)	(21.0, 14485.0)	(22.0, 16321.0)	(23.0, 17375.0)	(24.0, 19404.0)	(25.0, 22177.0)	(26.0, 24167.0)	(27.0, 26499.0)	(28.0, 29617.0)	(29.0, 32687.0)	(30.0, 38259.0)	(31.0, 42984.0)	(32.0, 51888.0)	(33.0, 61666.0)	(34.0, 78810.0)	(35.0, 109608.0)	(36.0, 162778.0)	(37.0, 303026.0)	(38.0, 695323.0)	(39.0, 5157278.0)	(40.0, 1941144.0)
M145_2_1_1	(12.0, 9.0)	(13.0, 119.0)	(14.0, 701.0)	(15.0, 1778.0)	(16.0, 3032.0)	(17.0, 4895.0)	(18.0, 6844.0)	(19.0, 9141.0)	(20.0, 11099.0)	(21.0, 12974.0)	(22.0, 15167.0)	(23.0, 17187.0)	(24.0, 18948.0)	(25.0, 21878.0)	(26.0, 24039.0)	(27.0, 27141.0)	(28.0, 30797.0)	(29.0, 33158.0)	(30.0, 38731.0)	(31.0, 42882.0)	(32.0, 50716.0)	(33.0, 60506.0)	(34.0, 75838.0)	(35.0, 103821.0)	(36.0, 147378.0)	(37.0, 264622.0)	(38.0, 584047.0)	(39.0, 4425557.0)	(40.0, 1527901.0)								
M145_2_1_2	(4.0, 5.0)	(5.0, 21.0)	(6.0, 18.0)	(7.0, 32.0)	(8.0, 67.0)	(9.0, 224.0)	(10.0, 2590.0)	(11.0, 3121.0)	(12.0, 184.0)	(13.0, 1126.0)	(14.0, 3918.0)	(15.0, 7604.0)	(16.0, 9358.0)	(17.0, 9393.0)	(18.0, 9455.0)	(19.0, 10034.0)	(20.0, 10939.0)	(21.0, 11667.0)	(22.0, 13139.0)	(23.0, 14621.0)	(24.0, 15865.0)	(25.0, 17923.0)	(26.0, 19829.0)	(27.0, 22324.0)	(28.0, 24899.0)	(29.0, 27323.0)	(30.0, 31356.0)	(31.0, 35004.0)	(32.0, 41698.0)	(33.0, 49973.0)	(34.0, 63073.0)	(35.0, 87413.0)	(36.0, 129838.0)	(37.0, 244140.0)	(38.0, 577957.0)	(39.0, 4465983.0)	(40.0, 1598792.0)
M145_2_3_1	(12.0, 6.0)	(13.0, 132.0)	(14.0, 719.0)	(15.0, 1792.0)	(16.0, 3062.0)	(17.0, 4716.0)	(18.0, 6543.0)	(19.0, 8787.0)	(20.0, 10847.0)	(21.0, 12428.0)	(22.0, 14524.0)	(23.0, 16237.0)	(24.0, 18140.0)	(25.0, 20883.0)	(26.0, 22745.0)	(27.0, 25587.0)	(28.0, 29267.0)	(29.0, 31736.0)	(30.0, 36663.0)	(31.0, 40972.0)	(32.0, 48908.0)	(33.0, 58085.0)	(34.0, 72612.0)	(35.0, 99254.0)	(36.0, 139260.0)	(37.0, 249976.0)	(38.0, 541712.0)	(39.0, 3946548.0)	(40.0, 1531183.0)								
M145_2_3_2	(4.0, 3.0)	(5.0, 12.0)	(6.0, 22.0)	(7.0, 37.0)	(8.0, 60.0)	(9.0, 225.0)	(10.0, 2312.0)	(11.0, 3179.0)	(12.0, 209.0)	(13.0, 1131.0)	(14.0, 4024.0)	(15.0, 7256.0)	(16.0, 8893.0)	(17.0, 8629.0)	(18.0, 8896.0)	(19.0, 9144.0)	(20.0, 9993.0)	(21.0, 10769.0)	(22.0, 12159.0)	(23.0, 13401.0)	(24.0, 14875.0)	(25.0, 16630.0)	(26.0, 18472.0)	(27.0, 20467.0)	(28.0, 23118.0)	(29.0, 25120.0)	(30.0, 29484.0)	(31.0, 32970.0)	(32.0, 39311.0)	(33.0, 46853.0)	(34.0, 59450.0)	(35.0, 82435.0)	(36.0, 122380.0)	(37.0, 229712.0)	(38.0, 536725.0)	(39.0, 4067594.0)	(40.0, 1527374.0)
M145_2_4_1	(12.0, 14.0)	(13.0, 140.0)	(14.0, 993.0)	(15.0, 2285.0)	(16.0, 3601.0)	(17.0, 5328.0)	(18.0, 7493.0)	(19.0, 9885.0)	(20.0, 11906.0)	(21.0, 13380.0)	(22.0, 15721.0)	(23.0, 17941.0)	(24.0, 19843.0)	(25.0, 22801.0)	(26.0, 24841.0)	(27.0, 27875.0)	(28.0, 31031.0)	(29.0, 34023.0)	(30.0, 39145.0)	(31.0, 43853.0)	(32.0, 51477.0)	(33.0, 61782.0)	(34.0, 75706.0)	(35.0, 103561.0)	(36.0, 146316.0)	(37.0, 259519.0)	(38.0, 562724.0)	(39.0, 4279846.0)	(40.0, 1640280.0)								
M145_2_4_2	(4.0, 4.0)	(5.0, 12.0)	(6.0, 24.0)	(7.0, 26.0)	(8.0, 68.0)	(9.0, 221.0)	(10.0, 2479.0)	(11.0, 3298.0)	(12.0, 224.0)	(13.0, 1245.0)	(14.0, 4425.0)	(15.0, 7780.0)	(16.0, 9324.0)	(17.0, 9451.0)	(18.0, 9258.0)	(19.0, 10093.0)	(20.0, 10893.0)	(21.0, 11540.0)	(22.0, 13060.0)	(23.0, 14437.0)	(24.0, 15698.0)	(25.0, 18056.0)	(26.0, 19755.0)	(27.0, 21810.0)	(28.0, 24710.0)	(29.0, 27344.0)	(30.0, 31549.0)	(31.0, 34951.0)	(32.0, 41744.0)	(33.0, 49704.0)	(34.0, 62499.0)	(35.0, 87445.0)	(36.0, 128830.0)	(37.0, 240366.0)	(38.0, 558940.0)	(39.0, 4367079.0)	(40.0, 1674968.0)
M145_3_2_1	(12.0, 6.0)	(13.0, 128.0)	(14.0, 803.0)	(15.0, 1911.0)	(16.0, 3258.0)	(17.0, 5325.0)	(18.0, 7652.0)	(19.0, 10029.0)	(20.0, 12365.0)	(21.0, 13894.0)	(22.0, 16167.0)	(23.0, 18450.0)	(24.0, 20682.0)	(25.0, 23573.0)	(26.0, 25766.0)	(27.0, 28483.0)	(28.0, 32226.0)	(29.0, 35007.0)	(30.0, 41057.0)	(31.0, 45631.0)	(32.0, 53858.0)	(33.0, 63934.0)	(34.0, 79152.0)	(35.0, 108146.0)	(36.0, 153565.0)	(37.0, 273016.0)	(38.0, 586102.0)	(39.0, 4407057.0)	(40.0, 1825087.0)								
M145_3_2_2	(4.0, 6.0)	(5.0, 10.0)	(6.0, 21.0)	(7.0, 39.0)	(8.0, 64.0)	(9.0, 212.0)	(10.0, 2526.0)	(11.0, 3379.0)	(12.0, 178.0)	(13.0, 1189.0)	(14.0, 4241.0)	(15.0, 8353.0)	(16.0, 10377.0)	(17.0, 10255.0)	(18.0, 10376.0)	(19.0, 10787.0)	(20.0, 11566.0)	(21.0, 12373.0)	(22.0, 14002.0)	(23.0, 15439.0)	(24.0, 16889.0)	(25.0, 19100.0)	(26.0, 20636.0)	(27.0, 23388.0)	(28.0, 26166.0)	(29.0, 28777.0)	(30.0, 33217.0)	(31.0, 36830.0)	(32.0, 44360.0)	(33.0, 52770.0)	(34.0, 66274.0)	(35.0, 92696.0)	(36.0, 137821.0)	(37.0, 256455.0)	(38.0, 599825.0)	(39.0, 4604468.0)	(40.0, 1717265.0)
M145_3_3_1	(12.0, 10.0)	(13.0, 141.0)	(14.0, 858.0)	(15.0, 1996.0)	(16.0, 3242.0)	(17.0, 5055.0)	(18.0, 6819.0)	(19.0, 9052.0)	(20.0, 11393.0)	(21.0, 12727.0)	(22.0, 14561.0)	(23.0, 16718.0)	(24.0, 18545.0)	(25.0, 21392.0)	(26.0, 23126.0)	(27.0, 26123.0)	(28.0, 29400.0)	(29.0, 31908.0)	(30.0, 36981.0)	(31.0, 41262.0)	(32.0, 48522.0)	(33.0, 58218.0)	(34.0, 71690.0)	(35.0, 98834.0)	(36.0, 140746.0)	(37.0, 250396.0)	(38.0, 542534.0)	(39.0, 4180995.0)	(40.0, 1719036.0)								
M145_3_3_2	(4.0, 5.0)	(5.0, 18.0)	(6.0, 22.0)	(7.0, 38.0)	(8.0, 65.0)	(9.0, 228.0)	(10.0, 2290.0)	(11.0, 3360.0)	(12.0, 235.0)	(13.0, 1171.0)	(14.0, 4260.0)	(15.0, 7855.0)	(16.0, 9506.0)	(17.0, 9296.0)	(18.0, 9107.0)	(19.0, 9633.0)	(20.0, 10396.0)	(21.0, 11167.0)	(22.0, 12677.0)	(23.0, 13702.0)	(24.0, 15102.0)	(25.0, 16854.0)	(26.0, 18409.0)	(27.0, 20720.0)	(28.0, 22931.0)	(29.0, 25487.0)	(30.0, 29614.0)	(31.0, 32722.0)	(32.0, 39410.0)	(33.0, 46708.0)	(34.0, 59090.0)	(35.0, 82814.0)	(36.0, 122783.0)	(37.0, 231961.0)	(38.0, 546238.0)	(39.0, 4353579.0)	(40.0, 1652827.0)
M145_3_4_1	(11.0, 1.0)	(12.0, 7.0)	(13.0, 92.0)	(14.0, 449.0)	(15.0, 1402.0)	(16.0, 2528.0)	(17.0, 4235.0)	(18.0, 6300.0)	(19.0, 8476.0)	(20.0, 10202.0)	(21.0, 11882.0)	(22.0, 13906.0)	(23.0, 15840.0)	(24.0, 17590.0)	(25.0, 20372.0)	(26.0, 22458.0)	(27.0, 25207.0)	(28.0, 28601.0)	(29.0, 31142.0)	(30.0, 36192.0)	(31.0, 40463.0)	(32.0, 48419.0)	(33.0, 57774.0)	(34.0, 71408.0)	(35.0, 97767.0)	(36.0, 139863.0)	(37.0, 250474.0)	(38.0, 542885.0)	(39.0, 4129539.0)	(40.0, 1658718.0)							
M145_3_4_2	(4.0, 3.0)	(5.0, 21.0)	(6.0, 20.0)	(7.0, 35.0)	(8.0, 65.0)	(9.0, 217.0)	(10.0, 2390.0)	(11.0, 3282.0)	(12.0, 208.0)	(13.0, 1192.0)	(14.0, 4034.0)	(15.0, 7450.0)	(16.0, 9005.0)	(17.0, 9285.0)	(18.0, 9204.0)	(19.0, 9688.0)	(20.0, 10149.0)	(21.0, 11166.0)	(22.0, 12291.0)	(23.0, 13575.0)	(24.0, 15049.0)	(25.0, 16824.0)	(26.0, 18419.0)	(27.0, 20366.0)	(28.0, 23107.0)	(29.0, 25707.0)	(30.0, 29497.0)	(31.0, 32568.0)	(32.0, 39194.0)	(33.0, 46544.0)	(34.0, 58929.0)	(35.0, 81743.0)	(36.0, 121620.0)	(37.0, 230790.0)	(38.0, 548739.0)	(39.0, 4320732.0)	(40.0, 1561084.0)
