Sample	0	1	2	3	4	5	6	7	8	9	10	11	12	13	14	15	16	17	18	19	20	21	22	23	24	25	26	27	28	29	30	31	32	33	34	35	36	37	38	39	40	41	42	43	44	45	46	47	48	49	50	51	52	53	54	55	56	57	58	59	60	61	62	63	64	65	66	67	68	69	70	71	72	73
M145_1_1_1 - illumina_universal_adapter	(1, 6.932262917994657e-05)	(2, 6.932262917994657e-05)	(3, 9.70516808519252e-05)	(4, 0.00018023883586786108)	(5, 0.0003743421975717115)	(6, 0.0005545810334395726)	(7, 0.0006239036626195191)	(8, 0.0007209553434714443)	(9, 0.0007625489209794122)	(10, 0.0008110747614053749)	(12, 0.0009427877568472734)	(14, 0.0010606362264531826)	(16, 0.0013032654285829955)	(18, 0.0014904365273688512)	(20, 0.001615217259892755)	(22, 0.001781591569924627)	(24, 0.0019271690912025146)	(26, 0.0020866111383163917)	(28, 0.002266849974184253)	(30, 0.00253027596506805)	(32, 0.002745176115525884)	(34, 0.0030016698434916864)	(36, 0.003251231308539494)	(38, 0.00354238635109527)	(40, 0.003715692924045136)	(42, 0.004041509281190885)	(44, 0.0042772062204027034)	(46, 0.004609954840466447)	(48, 0.005053619667218105)	(50, 0.0056151329635756725)	(52, 0.006204375311605218)	(54, 0.0067104305046188275)	(56, 0.007251147012222412)	(58, 0.00788891520067792)	(60, 0.008547480177887413)	(62, 0.009254570995522866)	(64, 0.010072578019846238)	(66, 0.0108975173070876)	(68, 0.01177098243475493)	(70, 0.012873212238716078)	(72, 0.014218071244807041)	(74, 0.015722372298011884)	(76, 0.017171215247872768)	(78, 0.01871017761566758)	(80, 0.020443243345166243)	(82, 0.0221901736005009)	(84, 0.024436226785931166)	(86, 0.02675160260054138)	(88, 0.029157097833085528)	(90, 0.03229741293493711)	(92, 0.03550011840305064)	(94, 0.03938218563712764)	(96, 0.04374257901254629)	(98, 0.04901109883022223)	(100, 0.05446678974668402)	(102, 0.06026909380904555)	(104, 0.06684781131822248)	(106, 0.07450102957968857)	(108, 0.08268109982292227)	(110, 0.09242092922270476)	(112, 0.10286091717720472)	(114, 0.11472201902989358)	(116, 0.1283023220862451)	(118, 0.14320668735993364)	(120, 0.16012140887984058)	(122, 0.17806903757452874)	(124, 0.19789530951999346)	(126, 0.2199191088104625)	(128, 0.2456239397103867)	(130, 0.272528052095124)	(132, 0.30432634209996545)	(134, 0.33861331449236703)	(136, 0.37625550213707804)	(138, 0.4181956927909457)
M145_1_1_1 - polya	(1, 0.12514121019563956)	(2, 0.12641674657255056)	(3, 0.12722088907103796)	(4, 0.1277754701044775)	(5, 0.12826072850873715)	(6, 0.1289816838522086)	(7, 0.12945307773063222)	(8, 0.1300076587640718)	(9, 0.13121387251180286)	(10, 0.132350763630354)	(12, 0.13341139985680717)	(14, 0.1340214389935907)	(16, 0.13434032308781846)	(18, 0.13463841039329222)	(20, 0.13487410733250405)	(22, 0.1350820752200439)	(24, 0.13529697537050173)	(26, 0.13544948515469762)	(28, 0.13562279172764746)	(30, 0.13576836924892538)	(32, 0.13587928545561329)	(34, 0.13602486297689115)	(36, 0.1361149823948251)	(38, 0.13633681480820092)	(40, 0.13646852780364283)	(42, 0.13669036021701864)	(44, 0.1368844635787225)	(46, 0.13712709278085233)	(48, 0.13741824782340809)	(50, 0.13770940286596386)	(52, 0.1379104384905857)	(54, 0.13807681280061757)	(56, 0.13825705163648544)	(58, 0.1384650195240253)	(60, 0.1386729874115651)	(62, 0.13892254887661293)	(64, 0.1390819909237268)	(66, 0.13926222975959468)	(68, 0.13953258801339646)	(70, 0.1396019106425764)	(72, 0.13968509779759233)	(74, 0.13976135268969028)	(76, 0.13993465926264015)	(78, 0.14012876262434398)	(80, 0.14028127240853988)	(82, 0.14046151124440776)	(84, 0.1406278855544396)	(86, 0.1407803953386355)	(88, 0.14096756643742137)	(90, 0.14108541490702725)	(92, 0.14121019563955117)	(94, 0.14134884089791105)	(96, 0.1415568087854509)	(98, 0.14173011535840074)	(100, 0.14186876061676068)	(102, 0.14204206718971052)	(104, 0.14222923828849637)	(106, 0.14238174807269227)	(108, 0.14252732559397013)	(110, 0.14265903858941203)	(112, 0.14279768384777194)	(114, 0.1429709904207218)	(116, 0.1431304324678357)	(118, 0.14329680677786755)	(120, 0.14342158751039147)	(122, 0.14356716503166936)	(124, 0.14371274255294725)	(126, 0.14392764270340508)	(128, 0.14405935569884698)	(130, 0.1442742558493048)	(132, 0.14450995278851664)	(134, 0.14479417556815438)	(136, 0.14500214345569423)	(138, 0.145314095287004)
M145_1_1_1 - polyg	(1, 0.0)	(2, 0.0)	(3, 0.00036047767173572217)	(4, 0.00101211038602722)	(5, 0.0022321886595942798)	(6, 0.0050605519301361)	(7, 0.007417521322254283)	(8, 0.00989927144689637)	(9, 0.015001416954540438)	(10, 0.019521252377072956)	(12, 0.023181487197774134)	(14, 0.025892001998710043)	(16, 0.028838213738857775)	(18, 0.031472473647695745)	(20, 0.03439788859908949)	(22, 0.03725398092130329)	(24, 0.03997836024807519)	(26, 0.042529433001897224)	(28, 0.045884648254206635)	(30, 0.04908735372232017)	(32, 0.05227619466459771)	(34, 0.055319458085597364)	(36, 0.058549892605382875)	(38, 0.06223785647775604)	(40, 0.06602287203098112)	(42, 0.06952366480456842)	(44, 0.07267784443225599)	(46, 0.07600533063289341)	(48, 0.0797764816602825)	(50, 0.08343671648098369)	(52, 0.08733264824089669)	(54, 0.0913464284704156)	(56, 0.09540180227744247)	(58, 0.09969287302368116)	(60, 0.10374824683070805)	(62, 0.10776895932314495)	(64, 0.11210855590980959)	(66, 0.11599062314388661)	(68, 0.11965085796458778)	(70, 0.12353985746158279)	(72, 0.12684654687346625)	(74, 0.13056917206042937)	(76, 0.1344304425057524)	(78, 0.13943553633254452)	(80, 0.1441564073796989)	(82, 0.14801074556210392)	(84, 0.1515669964390352)	(86, 0.15497073753177057)	(88, 0.1584230044649319)	(90, 0.16188913592392923)	(92, 0.16529287701666462)	(94, 0.16940370892703543)	(96, 0.1729530275410487)	(98, 0.17659939783591388)	(100, 0.18065477164294078)	(102, 0.18404464820984018)	(104, 0.18816241238312897)	(106, 0.19205141188012398)	(108, 0.19657124730265652)	(110, 0.2006196888467654)	(112, 0.20479984338631615)	(114, 0.20913943997298082)	(116, 0.21393656591223312)	(118, 0.21878221769191136)	(120, 0.22335057895486987)	(122, 0.22760698838651858)	(124, 0.23245264016619682)	(126, 0.23719430800210517)	(128, 0.24178346605381765)	(130, 0.24641421768303806)	(132, 0.2515302277165181)	(134, 0.2573741253563876)	(136, 0.26360622971966485)	(138, 0.26984526634586004)
M145_1_1_2 - illumina_universal_adapter	(1, 6.932262917994657e-05)	(2, 6.932262917994657e-05)	(3, 9.70516808519252e-05)	(4, 0.00018023883586786108)	(5, 0.0003743421975717115)	(6, 0.0005684455592755618)	(7, 0.0006516327142914978)	(8, 0.0007348198693074337)	(9, 0.0007902779726513909)	(10, 0.0008388038130773534)	(12, 0.000991313597273236)	(14, 0.0011299588556331292)	(16, 0.0014003171094349206)	(18, 0.0016498785744827283)	(20, 0.001837049673268584)	(22, 0.0020103562462184506)	(24, 0.0022321886595942798)	(26, 0.0025164114392320605)	(28, 0.0028214310076238253)	(30, 0.0031680441535235585)	(32, 0.003514657299423291)	(34, 0.003875134971159013)	(36, 0.0042425449058127295)	(38, 0.004623819366302436)	(40, 0.004970432512202169)	(42, 0.0054972844939697625)	(44, 0.005878558954459469)	(46, 0.006343020569965111)	(48, 0.0069530597067486415)	(50, 0.007653218261466101)	(52, 0.008388038130773535)	(54, 0.009053535370901023)	(56, 0.009843813343552412)	(58, 0.010613294527449819)	(60, 0.011313453082167281)	(62, 0.012117595580654662)	(64, 0.01305345107458394)	(66, 0.013906119413497283)	(68, 0.01497368790286846)	(70, 0.016228427491025495)	(72, 0.017691134966722366)	(74, 0.019334081278287098)	(76, 0.020935434012343865)	(78, 0.02264077069017055)	(80, 0.02445702357468515)	(82, 0.02635646361421569)	(84, 0.028644110377153923)	(86, 0.03102880882094409)	(88, 0.03359374610060211)	(90, 0.036740993465371685)	(92, 0.0398327827267973)	(94, 0.043770308064218263)	(96, 0.048227753120488825)	(98, 0.053641850459442655)	(100, 0.05909754137590445)	(102, 0.06488598091243)	(104, 0.07154788557662287)	(106, 0.07924269741559692)	(108, 0.08735344502965067)	(110, 0.09707940990359717)	(112, 0.10763724632770305)	(114, 0.11936663518495)	(116, 0.13292614145254755)	(118, 0.1477681163599741)	(120, 0.16448873451817722)	(122, 0.1824294309499474)	(124, 0.2021586512145602)	(126, 0.22404380524666934)	(128, 0.24953373599613565)	(130, 0.2766458162684128)	(132, 0.3085688870057782)	(134, 0.3426201624589679)	(136, 0.3802692823665969)	(138, 0.42210548907669465)
M145_1_1_2 - polyg	(1, 0.18457843245452574)	(2, 0.19325762562785506)	(3, 0.19469953631479794)	(4, 0.1967098925610164)	(5, 0.19910845553064255)	(6, 0.2040719557799267)	(7, 0.20927115296842272)	(8, 0.2136939367101033)	(9, 0.22163831001412518)	(10, 0.23007487398532467)	(12, 0.2388511188395059)	(14, 0.2449515102073412)	(16, 0.25085779821347265)	(18, 0.25627189555242647)	(20, 0.2612076667500387)	(22, 0.26583841837925914)	(24, 0.26995618255254794)	(26, 0.27409474351459073)	(28, 0.27754007818483406)	(30, 0.2810686000100934)	(32, 0.28419505058610894)	(34, 0.28710660101166674)	(36, 0.2896854028171607)	(38, 0.29228500141140873)	(40, 0.29462117401477295)	(42, 0.29690188851479316)	(44, 0.2992519256439934)	(46, 0.3013801303598177)	(48, 0.30361925128233)	(50, 0.30598315293736617)	(52, 0.30831239327781235)	(54, 0.3107525498249465)	(56, 0.31292928038119683)	(58, 0.31511987546328313)	(60, 0.3169777219253057)	(62, 0.3188632974390002)	(64, 0.32094990857731664)	(66, 0.32300879066396104)	(68, 0.32506767275060544)	(70, 0.3272444033068558)	(72, 0.32949045649228603)	(74, 0.3320692582977801)	(76, 0.3344886180561602)	(78, 0.3366514840865745)	(80, 0.3388836727461688)	(82, 0.3411366581945171)	(84, 0.3432856596990954)	(86, 0.34583673245291746)	(88, 0.34858190856844334)	(90, 0.35113991358518337)	(92, 0.35375337670526735)	(94, 0.35680357238918503)	(96, 0.35932691609133505)	(98, 0.36166308869469926)	(100, 0.3639091418801295)	(102, 0.36639782426768963)	(104, 0.36885184534065973)	(106, 0.3718188538695614)	(108, 0.3742798072054495)	(110, 0.37687247353677955)	(112, 0.3796384464410594)	(114, 0.3826193194957971)	(116, 0.38553780218427286)	(118, 0.38808887493809485)	(120, 0.39073699937276885)	(122, 0.3932880721265909)	(124, 0.39630360649591856)	(126, 0.3992290214473123)	(128, 0.40200885887742815)	(130, 0.4050521222984278)	(132, 0.40810925024526346)	(134, 0.411305023450459)	(136, 0.41476422264653834)	(138, 0.41796692811465186)
M145_1_2_1 - illumina_universal_adapter	(1, 1.4595418644041822e-05)	(2, 1.4595418644041822e-05)	(3, 2.9190837288083643e-05)	(4, 7.29770932202091e-05)	(5, 0.0001313587677963764)	(6, 0.00017514502372850186)	(7, 0.0002043358610165855)	(8, 0.00023352669830466915)	(9, 0.0002773129542367946)	(10, 0.0003575877567790246)	(12, 0.000488946524575401)	(14, 0.0006203052923717774)	(16, 0.0007151755135580492)	(18, 0.0008392365720324047)	(20, 0.0009268090838966557)	(22, 0.0010946563983031366)	(24, 0.0011603357822013247)	(26, 0.0012625037127096176)	(28, 0.0014084578991500358)	(30, 0.001634686888132684)	(32, 0.0018901067144034159)	(34, 0.0021893127966062732)	(36, 0.0024739234601650886)	(38, 0.0026709616118596536)	(40, 0.002933679147452406)	(42, 0.0032401829389772843)	(44, 0.003539389021180142)	(46, 0.003896976777959166)	(48, 0.004196182860162024)	(50, 0.0047216179313475295)	(52, 0.005320030095753244)	(54, 0.005954930806769064)	(56, 0.006356304819480213)	(58, 0.0069693124025299695)	(60, 0.0077063810440540816)	(62, 0.00840696113896809)	(64, 0.009304579385576661)	(66, 0.010114625120320981)	(68, 0.01104873191353966)	(70, 0.012209067695740983)	(72, 0.013362105768620288)	(74, 0.014661098027940009)	(76, 0.016011174252513877)	(78, 0.0176239680126805)	(80, 0.019360822831321477)	(82, 0.021396883732165313)	(84, 0.02387810490165242)	(86, 0.02650528025757995)	(88, 0.029519234207574584)	(90, 0.03278860798383995)	(92, 0.03648124890078253)	(94, 0.040896363040605184)	(96, 0.045610683262630694)	(98, 0.05139046904567125)	(100, 0.05741837694566053)	(102, 0.06382576573039489)	(104, 0.0711599635990259)	(106, 0.08004127584392536)	(108, 0.08964506131170487)	(110, 0.09993483145575435)	(112, 0.11243580752437618)	(114, 0.1258416995489286)	(116, 0.14053198841415668)	(118, 0.15604691843277313)	(120, 0.1747728405530788)	(122, 0.19465180074626376)	(124, 0.21758120343605344)	(126, 0.24350996465719377)	(128, 0.27278837445714166)	(130, 0.3045480054265767)	(132, 0.3394383536951586)	(134, 0.37745212155356556)	(136, 0.4202604844365402)	(138, 0.46898728957967384)
M145_1_2_1 - polya	(1, 0.09088567189644843)	(2, 0.09193654203881943)	(3, 0.09273929006424174)	(4, 0.09308958011169874)	(5, 0.0936004197642402)	(6, 0.09403828232356146)	(7, 0.09447614488288271)	(8, 0.09533727458288117)	(9, 0.09589190049135476)	(10, 0.09672383935406514)	(12, 0.09734414464643693)	(14, 0.09768713698457192)	(16, 0.09794255681084264)	(18, 0.09824906060236752)	(20, 0.09840231249812996)	(22, 0.09865043461507868)	(24, 0.09881098422016313)	(26, 0.09899342695321366)	(28, 0.099110190302366)	(30, 0.09923425136084035)	(32, 0.09940209867524682)	(34, 0.09966481621083959)	(36, 0.09977428185066989)	(38, 0.09989834290914425)	(40, 0.1000224039676186)	(42, 0.10019754899134711)	(44, 0.1003726940150756)	(46, 0.10051135049219401)	(48, 0.10076677031846473)	(50, 0.1009638084701593)	(52, 0.10113165578456579)	(54, 0.10126301455236215)	(56, 0.10148194583202279)	(58, 0.10173736565829351)	(60, 0.10184683129812383)	(62, 0.10202927403117436)	(64, 0.10215333508964872)	(66, 0.10233577782269923)	(68, 0.10255470910235986)	(70, 0.10272255641676634)	(72, 0.10287580831252878)	(74, 0.10302906020829122)	(76, 0.10316771668540961)	(78, 0.10329907545320599)	(80, 0.10348881589557854)	(82, 0.10359828153540886)	(84, 0.10377342655913735)	(86, 0.10391938074557777)	(88, 0.10415290744388245)	(90, 0.10432805246761094)	(92, 0.10443751810744126)	(94, 0.1046637470964239)	(96, 0.10482429670150836)	(98, 0.10489727379472857)	(100, 0.10503593027184698)	(102, 0.10518188445828738)	(104, 0.10529864780743972)	(106, 0.10543730428455812)	(108, 0.10562704472693066)	(110, 0.10576570120404906)	(112, 0.1058824645532014)	(114, 0.10596273935574363)	(116, 0.10605031186760788)	(118, 0.10619626605404829)	(120, 0.10636411336845478)	(122, 0.10645898358964105)	(124, 0.10660493777608146)	(126, 0.10680197592777603)	(128, 0.10694063240489443)	(130, 0.10709388430065686)	(132, 0.10736389954557164)	(134, 0.10761931937184237)	(136, 0.10783095294218098)	(138, 0.10813745673370585)
M145_1_2_1 - polyg	(1, 0.0)	(2, 0.0)	(3, 0.0002919083728808364)	(4, 0.0007005800949140074)	(5, 0.001298992259319722)	(6, 0.002977465403384532)	(7, 0.004962442338974219)	(8, 0.0067284879949032796)	(9, 0.010464915167777986)	(10, 0.013829159165229626)	(12, 0.016324975753360775)	(14, 0.018288059560984404)	(16, 0.020324120461828236)	(18, 0.022265311141485798)	(20, 0.024841402532159183)	(22, 0.02716937180588385)	(24, 0.02949734107960852)	(26, 0.03205883705163786)	(28, 0.035233340606716956)	(30, 0.038006470149084905)	(32, 0.04058256153975828)	(34, 0.043136759802465605)	(36, 0.04642802670669703)	(38, 0.05004039282109739)	(40, 0.05329517117871871)	(42, 0.056710499141424495)	(44, 0.05969526225413105)	(46, 0.06297193373971843)	(48, 0.06632158231852603)	(50, 0.06993394843292638)	(52, 0.07296249780156508)	(54, 0.07647269598545713)	(56, 0.0807564513574834)	(58, 0.08443449685578194)	(60, 0.08799577900492814)	(62, 0.09136002300237978)	(64, 0.09502347308203428)	(66, 0.09835122853287581)	(68, 0.10154032750659896)	(70, 0.10482429670150836)	(72, 0.10766310562777451)	(74, 0.11054570080997275)	(76, 0.11372750207437388)	(78, 0.11832505894724704)	(80, 0.12248475326079897)	(82, 0.1256738522345221)	(84, 0.1284031955209579)	(86, 0.13129308841247822)	(88, 0.1344967828048454)	(90, 0.13762750010399236)	(92, 0.14059766779805488)	(94, 0.14398380492347257)	(96, 0.14733345350228017)	(98, 0.15084365168617223)	(100, 0.1545727811497249)	(102, 0.15770349844887188)	(104, 0.16110423099293364)	(106, 0.1649282306776726)	(108, 0.1689784593513942)	(110, 0.1724740621166422)	(112, 0.17629806180138116)	(114, 0.180435862986967)	(116, 0.1843766260208583)	(118, 0.18797439671661462)	(120, 0.19137512926067637)	(122, 0.19552022815558423)	(124, 0.19958505224794987)	(126, 0.2036352809216715)	(128, 0.20799931109624)	(130, 0.21245091378267275)	(132, 0.21764688281995165)	(134, 0.22325882128858573)	(136, 0.2291480727114566)	(138, 0.23481839285466685)
M145_1_2_2 - illumina_universal_adapter	(1, 1.4595418644041822e-05)	(2, 1.4595418644041822e-05)	(3, 2.9190837288083643e-05)	(4, 7.29770932202091e-05)	(5, 0.00011676334915233457)	(6, 0.00016054960508446003)	(7, 0.0001897404423725437)	(8, 0.00021893127966062732)	(9, 0.0002627175355927528)	(10, 0.0003429923381349828)	(12, 0.0004816488152533801)	(14, 0.0006203052923717774)	(16, 0.0006932823855919865)	(18, 0.0008538319906764465)	(20, 0.0009851907584728231)	(22, 0.0011968243288114295)	(24, 0.0013281830966078057)	(26, 0.0014522441550821612)	(28, 0.0016784731440648093)	(30, 0.001948488388979583)	(32, 0.0023206715644026495)	(34, 0.0027147478677917785)	(36, 0.003086931043214845)	(38, 0.003371541706773661)	(40, 0.003692640916942581)	(42, 0.004145098894907877)	(44, 0.004575663744907111)	(46, 0.005079205688126554)	(48, 0.005582747631345997)	(50, 0.006283327726260004)	(52, 0.006954716983885928)	(54, 0.007728274172020145)	(56, 0.008282900080493732)	(58, 0.008961587047441679)	(60, 0.009822716747440147)	(62, 0.010698441866082656)	(64, 0.011690930333877499)	(66, 0.01258125087116405)	(68, 0.013595632466924957)	(70, 0.014792456795736385)	(72, 0.016062258217768022)	(74, 0.017478013826240084)	(76, 0.01890106714403416)	(78, 0.020623326544031095)	(80, 0.022484242421146425)	(82, 0.024615173543176532)	(84, 0.0270817992940196)	(86, 0.029760058615201274)	(88, 0.03277401256519591)	(90, 0.036065279469427336)	(92, 0.03978711122365801)	(94, 0.0442168207821247)	(96, 0.04902601122533648)	(98, 0.05490066722956331)	(100, 0.06103074306006088)	(102, 0.06752570435665949)	(104, 0.07505694037698507)	(106, 0.08400393200578271)	(108, 0.09344716786847776)	(110, 0.1038609990710016)	(112, 0.11636927284894544)	(114, 0.1296875923616336)	(116, 0.14442896519211584)	(118, 0.15976875018700382)	(120, 0.17842169521408924)	(122, 0.19820578518608795)	(124, 0.22123005809706392)	(126, 0.24742153685379698)	(128, 0.2769918550266257)	(130, 0.30849606616979)	(132, 0.3434374984036261)	(134, 0.38164830441372755)	(136, 0.4248434458907694)	(138, 0.4740008158839022)
M145_1_2_2 - polyg	(1, 0.18031180192849267)	(2, 0.18771167918102186)	(3, 0.18902526685898563)	(4, 0.1902366866064411)	(5, 0.19217787728609867)	(6, 0.19587051820304124)	(7, 0.19912529656066258)	(8, 0.20264279245387665)	(9, 0.20826202863183274)	(10, 0.21419506631063576)	(12, 0.2202886535945232)	(14, 0.22479134024621011)	(16, 0.22848398116315272)	(18, 0.2318774159978924)	(20, 0.23535112563517438)	(22, 0.23863509483008377)	(24, 0.2413206518605875)	(26, 0.2440572928563453)	(28, 0.24635607129278192)	(30, 0.24904892603260761)	(32, 0.2511287731893836)	(34, 0.25301158219446496)	(36, 0.25514251331649507)	(38, 0.2572369558919151)	(40, 0.25946275723513146)	(42, 0.2612871845656367)	(44, 0.26304593251224373)	(46, 0.2648484667147829)	(48, 0.26658532153342385)	(50, 0.26840245115460704)	(52, 0.2699641609495196)	(54, 0.27181777911731286)	(56, 0.273948710239343)	(58, 0.2752987864639168)	(60, 0.2768313054215412)	(62, 0.2785462671122162)	(64, 0.2803488013147553)	(66, 0.28204186987746416)	(68, 0.2839684651384777)	(70, 0.28556666348000026)	(72, 0.28716486182152284)	(74, 0.28930309065287496)	(76, 0.29141942635626106)	(78, 0.2932292582681222)	(80, 0.29514125811049174)	(82, 0.29695109002235287)	(84, 0.29880470819014615)	(86, 0.3009283416028543)	(88, 0.3028914254104779)	(90, 0.3048034252528474)	(92, 0.30703652430538575)	(94, 0.3094301729630086)	(96, 0.3118019284926654)	(98, 0.3139182641960515)	(100, 0.3160929815740138)	(102, 0.31836256917316225)	(104, 0.32078540866807315)	(106, 0.32344907257061084)	(108, 0.32584272122823366)	(110, 0.3283239423977208)	(112, 0.330841652113818)	(114, 0.3333958503765253)	(116, 0.33599383489516477)	(118, 0.33865749879770235)	(120, 0.34135765124685014)	(122, 0.3439337426375235)	(124, 0.3463492844231124)	(126, 0.34866995598751505)	(128, 0.35120226112225633)	(130, 0.35396079524598023)	(132, 0.35695285606800886)	(134, 0.3597040924824107)	(136, 0.3626377716298631)	(138, 0.3658195728942642)
M145_1_3_1 - illumina_universal_adapter	(1, 6.716232462237983e-05)	(2, 6.716232462237983e-05)	(3, 0.00010074348693356974)	(4, 0.00017909953232634623)	(5, 0.00023506813617832942)	(6, 0.0003805865061934857)	(7, 0.00040297394773427896)	(8, 0.00048132999312705543)	(9, 0.000559686038519832)	(10, 0.0006772201066089967)	(12, 0.0008395290577797479)	(14, 0.0010466128920320857)	(16, 0.0012201155639732335)	(18, 0.0013936182359143815)	(20, 0.0015391366059295379)	(22, 0.0016846549759446943)	(24, 0.001841367066730247)	(26, 0.002003676017900998)	(28, 0.0022163567125385343)	(30, 0.0025185871733392436)	(32, 0.002809623913369556)	(34, 0.003100660653399869)	(36, 0.0033637130915041896)	(38, 0.0036155718088381143)	(40, 0.003956980292335211)	(42, 0.004315179356987903)	(44, 0.004690169002796191)	(46, 0.005149111554382454)	(48, 0.005669619570205897)	(50, 0.006285274212577713)	(52, 0.006912122575719925)	(54, 0.007410243150002575)	(56, 0.008098656977381968)	(58, 0.00869192417821299)	(60, 0.00941951602828877)	(62, 0.01022546392375733)	(64, 0.011120961585389059)	(66, 0.012010862386635592)	(68, 0.012990312954045298)	(70, 0.014244009680329722)	(72, 0.01558725617277732)	(74, 0.016969680687921304)	(76, 0.018687916826177188)	(78, 0.020551671334448227)	(80, 0.022476991306956448)	(82, 0.02455342650986503)	(84, 0.02693768903395951)	(86, 0.02967455376232149)	(88, 0.03265208348724699)	(90, 0.03606616832221797)	(92, 0.039692933851826484)	(94, 0.04415922843921474)	(96, 0.049095659298959655)	(98, 0.05432872375912008)	(100, 0.060188636582422725)	(102, 0.0672686649696986)	(104, 0.07544008113208814)	(106, 0.08422155507646431)	(108, 0.09305340076430725)	(110, 0.10316692748036062)	(112, 0.11439982627345364)	(114, 0.1275076732955881)	(116, 0.14227219099174127)	(118, 0.1584862955276608)	(120, 0.17566306004983445)	(122, 0.19528565256033975)	(124, 0.217051842598376)	(126, 0.24189630584827138)	(128, 0.269628749056929)	(130, 0.299739857929296)	(132, 0.3325934283904101)	(134, 0.3691017486830588)	(136, 0.40998681379693247)	(138, 0.45590905325748465)
M145_1_3_1 - polya	(1, 0.10664257777956877)	(2, 0.1075828503242821)	(3, 0.10832163589512826)	(4, 0.10876938472594413)	(5, 0.10927310216061198)	(6, 0.10972085099142785)	(7, 0.11014621238070292)	(8, 0.11098574143848267)	(9, 0.11189243282088479)	(10, 0.11306217664139123)	(12, 0.11395207744263777)	(14, 0.11438863255268325)	(16, 0.11465728185117277)	(18, 0.11501548091582546)	(20, 0.11518898358776661)	(22, 0.11534009881816695)	(24, 0.11547442346741171)	(26, 0.11558076381473048)	(28, 0.11572628218474565)	(30, 0.11582142881129401)	(32, 0.11595575346053877)	(34, 0.11610686869093914)	(36, 0.11628596822326548)	(38, 0.11638671171019904)	(40, 0.11649864891790301)	(42, 0.11666095786907377)	(44, 0.1168568479825557)	(46, 0.11704154437526725)	(48, 0.1172374344887492)	(50, 0.11733817797568276)	(52, 0.11750048692685351)	(54, 0.11769637704033545)	(56, 0.1178754765726618)	(58, 0.11807696354652894)	(60, 0.1181944976146181)	(62, 0.11827285366001089)	(64, 0.11837919400732964)	(66, 0.1185247123773448)	(68, 0.11867582760774517)	(70, 0.11883253969853072)	(72, 0.11896686434777548)	(74, 0.11915156074048702)	(76, 0.11933066027281336)	(78, 0.11944259748051733)	(80, 0.11958251899014728)	(82, 0.11967766561669566)	(84, 0.11980639340555521)	(86, 0.11995191177557038)	(88, 0.12013660816828192)	(90, 0.12027652967791189)	(92, 0.12040525746677144)	(94, 0.12055637269717179)	(96, 0.12068510048603136)	(98, 0.12077465025219453)	(100, 0.12092016862220968)	(102, 0.12104889641106925)	(104, 0.12116643047915841)	(106, 0.12131754570955877)	(108, 0.12144627349841833)	(110, 0.12159179186843348)	(112, 0.12176529454037463)	(114, 0.12193320035193059)	(116, 0.12203954069924935)	(118, 0.12218505906926451)	(120, 0.12232498057889446)	(122, 0.12245930522813922)	(124, 0.12258243615661359)	(126, 0.12273914824739914)	(128, 0.1228622791758735)	(130, 0.12302458812704425)	(132, 0.12320368765937059)	(134, 0.12344435265593413)	(136, 0.12374098625634963)	(138, 0.12398165125291316)
M145_1_3_1 - polyg	(1, 0.0)	(2, 0.0)	(3, 0.00019029325309674285)	(4, 0.0005372985969790386)	(5, 0.0012872778885956134)	(6, 0.0028655925172215396)	(7, 0.004802106210500158)	(8, 0.006548326650682034)	(9, 0.010331804271076097)	(10, 0.014042522706462583)	(12, 0.017003261850232494)	(14, 0.019465880419719753)	(16, 0.021659849690717495)	(18, 0.024049709075197177)	(20, 0.02647874648237325)	(22, 0.029014124236868086)	(24, 0.03147114594597015)	(26, 0.03376585870390146)	(28, 0.03653630459457463)	(30, 0.03968733699144128)	(32, 0.0426312855540556)	(34, 0.04549128121089194)	(36, 0.048692685351225375)	(38, 0.05182692716693643)	(40, 0.0552633994434482)	(42, 0.05852077218763363)	(44, 0.06163262656180389)	(46, 0.06499633965330809)	(48, 0.06882459215678373)	(50, 0.07231143617676228)	(52, 0.07546246857362893)	(54, 0.07876461620089595)	(56, 0.0825872718439864)	(58, 0.08621403737359491)	(60, 0.08958894418586949)	(62, 0.09361868366321228)	(64, 0.09748611418938433)	(66, 0.10051961251816181)	(68, 0.10365385433387286)	(70, 0.1069336145195991)	(72, 0.11011822807877693)	(74, 0.11334201966065116)	(76, 0.11658260182368099)	(78, 0.12086420001835771)	(80, 0.1248547614730041)	(82, 0.12824645886643427)	(84, 0.1319179992791244)	(86, 0.1354720056237253)	(88, 0.13941779219529013)	(90, 0.14292702365680948)	(92, 0.14606686233290572)	(94, 0.14971041844366983)	(96, 0.15301256607093683)	(98, 0.15661134729861936)	(100, 0.16022691910745748)	(102, 0.1634563075497169)	(104, 0.16722859144934057)	(106, 0.17066506372585236)	(108, 0.17452689739163918)	(110, 0.17827679384972206)	(112, 0.1821554180966645)	(114, 0.186487388034808)	(116, 0.1904723526290692)	(118, 0.19425583024946325)	(120, 0.19825758542488006)	(122, 0.20205225676604452)	(124, 0.20661929484036634)	(126, 0.2111079768692954)	(128, 0.21552389971321687)	(130, 0.21973833558327122)	(132, 0.22463558842031972)	(134, 0.2301205115978141)	(136, 0.2357285657037828)	(138, 0.24152131620246306)
M145_1_3_2 - illumina_universal_adapter	(1, 6.716232462237983e-05)	(2, 6.716232462237983e-05)	(3, 0.00010074348693356974)	(4, 0.00017909953232634623)	(5, 0.00023506813617832942)	(6, 0.00036939278542308905)	(7, 0.00039178022696388236)	(8, 0.0004589425515862622)	(9, 0.0005372985969790386)	(10, 0.0006548326650682034)	(12, 0.0008171416162389546)	(14, 0.0010466128920320855)	(16, 0.0012313092847436302)	(18, 0.0014271993982255715)	(20, 0.001595105209781521)	(22, 0.0018245764855746522)	(24, 0.00206524148213818)	(26, 0.0023003096183165095)	(28, 0.0025521683356504333)	(30, 0.0029103674003031262)	(32, 0.0032685664649558183)	(34, 0.003609974948452916)	(36, 0.004018545756572393)	(38, 0.0044103259835362755)	(40, 0.004936430859744918)	(42, 0.005423357713257171)	(44, 0.005910284566769425)	(46, 0.0065427297902968355)	(48, 0.007113609549587063)	(50, 0.007880379422359234)	(52, 0.008647149295131402)	(54, 0.009296385099814407)	(56, 0.010074348693356973)	(58, 0.010785149962277162)	(60, 0.011630275880442107)	(62, 0.012637710749777804)	(64, 0.013734695385276675)	(66, 0.014708549092301182)	(68, 0.01576075884471847)	(70, 0.01711519905793646)	(72, 0.018570382758088026)	(74, 0.020025566458239587)	(76, 0.021900514687281023)	(78, 0.023915384425952417)	(80, 0.026053385093098177)	(82, 0.028286532386792303)	(84, 0.03083870072244274)	(86, 0.03377145556428666)	(88, 0.036883309938456926)	(90, 0.04049888174729503)	(92, 0.044209600182681524)	(94, 0.04881581627969974)	(96, 0.053953734113311794)	(98, 0.05930992950194659)	(100, 0.06543849162373874)	(102, 0.07269761954334097)	(104, 0.081221637909998)	(106, 0.09021019568862651)	(108, 0.09931628753534417)	(110, 0.10951936401756071)	(112, 0.12092576548259489)	(114, 0.1341287591312777)	(116, 0.14903319833706086)	(118, 0.16530886833721756)	(120, 0.18256958576516918)	(122, 0.2021530002529781)	(124, 0.22417104900834828)	(126, 0.24925617725480714)	(128, 0.27716771999579115)	(130, 0.3071668916604542)	(132, 0.33987494375155314)	(134, 0.3765343792746021)	(136, 0.41762093136234296)	(138, 0.4639293541894739)
M145_1_3_2 - polyg	(1, 0.20317722570346938)	(2, 0.21113596117122138)	(3, 0.2121210085990163)	(4, 0.2138000667145758)	(5, 0.215781355290936)	(6, 0.21993422569675314)	(7, 0.22399754633640712)	(8, 0.22806086697606112)	(9, 0.23427338200363124)	(10, 0.24125826376435874)	(12, 0.24813120831738228)	(14, 0.2536161314948766)	(16, 0.2582671224749764)	(18, 0.2624255897411788)	(20, 0.26614190503695045)	(22, 0.269684717660781)	(24, 0.2728637343595737)	(26, 0.2757964892014176)	(28, 0.27842141672207554)	(30, 0.28111350656735595)	(32, 0.28354254397453205)	(34, 0.2859603876609377)	(36, 0.28817114751309103)	(38, 0.290342729342548)	(40, 0.292402373964301)	(42, 0.29424374103103124)	(44, 0.29623062646777665)	(46, 0.29815034957989967)	(48, 0.3000197009485559)	(50, 0.3020009895249161)	(52, 0.30373601624432756)	(54, 0.30534231517487953)	(56, 0.3070437607319798)	(58, 0.30879557803254687)	(60, 0.3105529921934992)	(62, 0.3123048094940662)	(64, 0.314162967141952)	(66, 0.31593157502367475)	(68, 0.31757145511653784)	(70, 0.3190770105601562)	(72, 0.32096874937035325)	(74, 0.32299481282979503)	(76, 0.3249872951269256)	(78, 0.3268286621936558)	(80, 0.32880435390963086)	(82, 0.33056176807058313)	(84, 0.3325318629261729)	(86, 0.33484896312564505)	(88, 0.3369533826304796)	(90, 0.33891788062568423)	(92, 0.3413245305913195)	(94, 0.34402781415737027)	(96, 0.34610424936027884)	(98, 0.3481359096801059)	(100, 0.3502179417433996)	(102, 0.3525070576409457)	(104, 0.3545834928438543)	(106, 0.3571188705983491)	(108, 0.35952552056398446)	(110, 0.36170829611421174)	(112, 0.3641933021252398)	(114, 0.36676785790243105)	(116, 0.3692808482153851)	(118, 0.3718833882945023)	(120, 0.37416131047127804)	(122, 0.37638326404420175)	(124, 0.37899699784408936)	(126, 0.3815603599005102)	(128, 0.3843084183496426)	(130, 0.387056476798775)	(132, 0.3898157289686777)	(134, 0.39258057799896573)	(136, 0.395043196568453)	(138, 0.3978975953649041)
M145_2_1_1 - illumina_universal_adapter	(1, 5.290371286192422e-05)	(2, 5.290371286192422e-05)	(3, 6.612964107740528e-05)	(4, 0.00010580742572384844)	(5, 0.0001719370668012537)	(6, 0.00022484077966317793)	(7, 0.00027774449252510215)	(8, 0.00030419634895606425)	(9, 0.00033064820538702635)	(10, 0.00037032599003346956)	(12, 0.00042322970289539375)	(14, 0.0004959723080805395)	(16, 0.0005554889850502042)	(18, 0.0006414575184508311)	(20, 0.000839846441683047)	(22, 0.0010580742572384844)	(24, 0.0011374298265313708)	(26, 0.001276302072793922)	(28, 0.001454852103702916)	(30, 0.0016598539910428725)	(32, 0.0019045336630292718)	(34, 0.002116148514476969)	(36, 0.0023740541146788493)	(38, 0.002585668966126546)	(40, 0.002909704207405832)	(42, 0.003220513520469637)	(44, 0.003557774689964404)	(46, 0.0038751969671359486)	(48, 0.0042587488853849)	(50, 0.004602623018987407)	(52, 0.005184563860468574)	(54, 0.005852473235350366)	(56, 0.006487317789693458)	(58, 0.007168453092790732)	(60, 0.007995073606258299)	(62, 0.008861371904372306)	(64, 0.009701218346055352)	(66, 0.010706388890431913)	(68, 0.011559461260330441)	(70, 0.012703504050969552)	(72, 0.01418480801110343)	(74, 0.015613208258375384)	(76, 0.016982091828677673)	(78, 0.018714688424905694)	(80, 0.02066551283668915)	(82, 0.02292053359742867)	(84, 0.025149102501737224)	(86, 0.02795299928341921)	(88, 0.030882542383148262)	(90, 0.034559350427051994)	(92, 0.038513902963480826)	(94, 0.04334797972623916)	(96, 0.04838705837633744)	(98, 0.05401469083202463)	(100, 0.060144908559900095)	(102, 0.06700916530373477)	(104, 0.07540762972056522)	(106, 0.08446739054816976)	(108, 0.09446619227907344)	(110, 0.10562226272883171)	(112, 0.11855060755946444)	(114, 0.1325568655396589)	(116, 0.1471516773254422)	(118, 0.16339311717405294)	(120, 0.18048762939256222)	(122, 0.1998900660846729)	(124, 0.22149461982466123)	(126, 0.2460617814849173)	(128, 0.2749538216716356)	(130, 0.30375328036084565)	(132, 0.3344903375336236)	(134, 0.3698167917971735)	(136, 0.40809924101688344)	(138, 0.4540461156374646)
M145_2_1_1 - polyg	(1, 0.0)	(2, 0.0)	(3, 0.0001719370668012537)	(4, 0.0007406519800669391)	(5, 0.0012961409651171434)	(6, 0.0026980893559581352)	(7, 0.004205845172522976)	(8, 0.005978119553397437)	(9, 0.008953953401880673)	(10, 0.011704946470700733)	(12, 0.014092226513595065)	(14, 0.016109180566455925)	(16, 0.01813274758342453)	(18, 0.020103410887531203)	(20, 0.022285689043085574)	(22, 0.024487806090963175)	(24, 0.027443801047123188)	(26, 0.029936888515741368)	(28, 0.03223820002523507)	(30, 0.034896611596546764)	(32, 0.03706566382388565)	(34, 0.03932729754873292)	(36, 0.04156247941714922)	(38, 0.043929920567720326)	(40, 0.04627752282596821)	(42, 0.048889643648525716)	(44, 0.051323214440174236)	(46, 0.05416017604239492)	(48, 0.05726165620892523)	(50, 0.06005232706239173)	(52, 0.06338526097269295)	(54, 0.06591802622595758)	(56, 0.06862272854602344)	(58, 0.07136710865073578)	(60, 0.07407842393490938)	(62, 0.07692199850123782)	(64, 0.07938202114931729)	(66, 0.08241075871066245)	(68, 0.08495674989214255)	(70, 0.08785984113544065)	(72, 0.09068357680944586)	(74, 0.09308408278055566)	(76, 0.09570942953132866)	(78, 0.09840090592317904)	(80, 0.10125109345361522)	(82, 0.10406160319940494)	(84, 0.10703743704788818)	(86, 0.10985455975778563)	(88, 0.11300233067307014)	(90, 0.11592526080869145)	(92, 0.11835883160033997)	(94, 0.12140079508990059)	(96, 0.1246477604668012)	(98, 0.12753762578188382)	(100, 0.13045394295339738)	(102, 0.1335884879404664)	(104, 0.13732481266133978)	(106, 0.14134549483884604)	(108, 0.1448503658159485)	(110, 0.1481237830492801)	(112, 0.1518138170213993)	(114, 0.1556493362038888)	(116, 0.1594848553863783)	(118, 0.16310875971742012)	(120, 0.16665992144327677)	(122, 0.1707268943695372)	(124, 0.17514435439350787)	(126, 0.17938326438656954)	(128, 0.1838337892310789)	(130, 0.18840334742952763)	(132, 0.1933300056897943)	(134, 0.19894441221726603)	(136, 0.20453236688830678)	(138, 0.21020629009274816)
M145_2_1_2 - illumina_universal_adapter	(1, 5.290371286192422e-05)	(2, 5.290371286192422e-05)	(3, 6.612964107740528e-05)	(4, 0.00010580742572384844)	(5, 0.0001719370668012537)	(6, 0.00022484077966317793)	(7, 0.00027774449252510215)	(8, 0.00030419634895606425)	(9, 0.00033064820538702635)	(10, 0.00037032599003346956)	(12, 0.0004364556311108748)	(14, 0.0005356500927269827)	(16, 0.0006282315902353501)	(18, 0.0007340390159591985)	(20, 0.0009588797956223764)	(22, 0.0012498502163629595)	(24, 0.0014217872831642133)	(26, 0.0016532410269351318)	(28, 0.0018913077348137908)	(30, 0.0021888911196621145)	(32, 0.002552604145587844)	(34, 0.0028634134586516483)	(36, 0.0032403524127928582)	(38, 0.0035908395105031066)	(40, 0.003961165500536576)	(42, 0.00438439520343197)	(44, 0.004801011942219623)	(46, 0.00527714535797694)	(48, 0.005852473235350366)	(50, 0.006335219615215425)	(52, 0.007003128990097219)	(54, 0.007757006898379638)	(56, 0.008457981093800134)	(58, 0.009165568253328371)	(60, 0.010071544336088823)	(62, 0.010997359311172497)	(64, 0.011943013178579393)	(66, 0.013053991148679802)	(68, 0.014085613549487324)	(70, 0.01528256005298836)	(72, 0.016869671438846087)	(74, 0.018377427255410923)	(76, 0.019885183071975766)	(78, 0.021756651914466338)	(80, 0.02384634857251234)	(82, 0.026114595261467345)	(84, 0.028435745663284266)	(86, 0.031312385050151395)	(88, 0.03446015596543589)	(90, 0.038289062183817654)	(92, 0.04225022768435423)	(94, 0.04701156184192741)	(96, 0.051918381209870884)	(98, 0.057592304414312255)	(100, 0.06376219992683417)	(102, 0.0707521029887159)	(104, 0.0792034711184083)	(106, 0.08833597455119796)	(108, 0.0982620336769165)	(110, 0.1093255226291664)	(112, 0.1220224137160282)	(114, 0.1358897994499601)	(116, 0.150266383420188)	(118, 0.1664218547353981)	(120, 0.18331136506656742)	(122, 0.20281960918440198)	(124, 0.2241662573241884)	(126, 0.2488061615896296)	(128, 0.2774733609966848)	(130, 0.30585620294710714)	(132, 0.33622954709395936)	(134, 0.37160229210626344)	(136, 0.4098715153977579)	(138, 0.45566629184386104)
M145_2_1_2 - polyg	(1, 0.15931953128368478)	(2, 0.16597217317607177)	(3, 0.16688476222293994)	(4, 0.16791638462374747)	(5, 0.16941091451209683)	(6, 0.17218835943734787)	(7, 0.17560064891694196)	(8, 0.1787880976168729)	(9, 0.183959435549126)	(10, 0.18895883641457784)	(12, 0.19397146320824515)	(14, 0.19826327691416876)	(16, 0.2018144386400254)	(18, 0.20481011138083188)	(20, 0.20781901004985381)	(22, 0.21062290683153578)	(24, 0.2131358331924772)	(26, 0.21568843733806503)	(28, 0.21775829510378783)	(30, 0.21993396029523446)	(32, 0.22208317363025012)	(34, 0.22371657576486204)	(36, 0.22525739640196557)	(38, 0.22714870413677937)	(40, 0.22887468776889966)	(42, 0.2304816380470806)	(44, 0.23224068649973958)	(46, 0.23382118492148957)	(48, 0.23545458705610148)	(50, 0.23726653922162239)	(52, 0.2390784913871433)	(54, 0.24065237684478552)	(56, 0.24214029376902715)	(58, 0.24377369590363906)	(60, 0.24517564429448008)	(62, 0.24662388343407524)	(64, 0.24823083371225618)	(66, 0.2495732654261275)	(68, 0.25102811752983045)	(70, 0.252542486310503)	(72, 0.2543147606913775)	(74, 0.25604074432349777)	(76, 0.2578460835249109)	(78, 0.2596911005109705)	(80, 0.26161547306632305)	(82, 0.26379775122187743)	(84, 0.2657287367413376)	(86, 0.2677985945070604)	(88, 0.26947828739042645)	(90, 0.27105878581217646)	(92, 0.2727318657314348)	(94, 0.274715754963757)	(96, 0.2767393219807256)	(98, 0.27882901863877163)	(100, 0.2808724245480634)	(102, 0.2828232489598469)	(104, 0.28502536600772443)	(106, 0.28753167940455815)	(108, 0.2895883112420654)	(110, 0.2915589745461721)	(112, 0.29376109159404973)	(114, 0.2962409531344524)	(116, 0.2986414591055622)	(118, 0.30110809471774946)	(120, 0.3032506950886574)	(122, 0.3055189417776124)	(124, 0.30770121993316674)	(126, 0.31010172590427654)	(128, 0.31219803552643033)	(130, 0.3147241878155872)	(132, 0.31736937345868343)	(134, 0.3201931091326886)	(136, 0.32318216890938734)	(138, 0.3260257434757157)
M145_2_3_1 - illumina_universal_adapter	(1, 1.4299351781785029e-05)	(2, 1.4299351781785029e-05)	(3, 5.7197407127140114e-05)	(4, 0.00010009546247249519)	(5, 0.0001429935178178503)	(6, 0.00025738833207213053)	(7, 0.00034318444276284067)	(8, 0.0004432799052353359)	(9, 0.00048617796058069096)	(10, 0.0006005727748349712)	(12, 0.0006577701819621112)	(14, 0.000750715968543714)	(16, 0.0009151585140342417)	(18, 0.0010581520318520923)	(20, 0.0012297442532335123)	(22, 0.0014299351781785028)	(24, 0.0016444254549052783)	(26, 0.002030507953013474)	(28, 0.0022878962850856046)	(30, 0.0024594885064670247)	(32, 0.002688278134975585)	(34, 0.002938516791156823)	(36, 0.0031887554473380613)	(38, 0.003510490862428224)	(40, 0.00378217854628214)	(42, 0.004075315257808733)	(44, 0.004447098404135144)	(46, 0.00483318090224334)	(48, 0.0052621614556968895)	(50, 0.005734040064495796)	(52, 0.006391810246457907)	(54, 0.007178274594456084)	(56, 0.007986187970126938)	(58, 0.008543862689616554)	(60, 0.009080088381433492)	(62, 0.009837954025868099)	(64, 0.010645867401538955)	(66, 0.011675420729827475)	(68, 0.012526232160843684)	(70, 0.01387752090422237)	(72, 0.01510011548156499)	(74, 0.016508601632070817)	(76, 0.01800288389326735)	(78, 0.01966160869995441)	(80, 0.021534823783368254)	(82, 0.023443787246236553)	(84, 0.025846078345576437)	(86, 0.028770295784951477)	(88, 0.031594417761854024)	(90, 0.03488326867166457)	(92, 0.03850100467245619)	(94, 0.04248337414368332)	(96, 0.04692332287192757)	(98, 0.051849449560752506)	(100, 0.05746909481099403)	(102, 0.06386805473334282)	(104, 0.07118217316972586)	(106, 0.07950439590672476)	(108, 0.08813405470703202)	(110, 0.09776466813206423)	(112, 0.10919699988160136)	(114, 0.12097251607390133)	(116, 0.13386338170518053)	(118, 0.1478552974236572)	(120, 0.16447114419409137)	(122, 0.18126573286179792)	(124, 0.19956890314248277)	(126, 0.22067474637239745)	(128, 0.2464207292555014)	(130, 0.27360379699267473)	(132, 0.301323090421665)	(134, 0.3315662194401403)	(136, 0.3659990585306787)	(138, 0.40763162124334584)
M145_2_3_1 - polya	(1, 0.09586285434508683)	(2, 0.09710689795010212)	(3, 0.09786476359453673)	(4, 0.09832234285155385)	(5, 0.09877992210857098)	(6, 0.09928039942093345)	(7, 0.09983807414042306)	(8, 0.10082472941336623)	(9, 0.10175418727918226)	(10, 0.102769441255689)	(12, 0.1037203481491777)	(14, 0.10419937643386751)	(16, 0.10456400990430302)	(18, 0.10480709888459336)	(20, 0.10507878656844728)	(22, 0.10527182781750138)	(24, 0.10533617490051941)	(26, 0.105429120687101)	(28, 0.1055363658254644)	(30, 0.10560071290848244)	(32, 0.10567935934328225)	(34, 0.10578660448164563)	(36, 0.10580805350931832)	(38, 0.10587240059233635)	(40, 0.10599394508248153)	(42, 0.10613693860029938)	(44, 0.10626563276633544)	(46, 0.10647297336717132)	(48, 0.10662311656088005)	(50, 0.10674466105102523)	(52, 0.1067804094304797)	(54, 0.1068662055411704)	(56, 0.10700204938309736)	(58, 0.10715219257680611)	(60, 0.10728088674284217)	(62, 0.10733093447407843)	(64, 0.10746677831600537)	(66, 0.10755972410258699)	(68, 0.10765981956505948)	(70, 0.10778851373109555)	(72, 0.10799585433193143)	(74, 0.10819604525687641)	(76, 0.10828899104345802)	(78, 0.10836763747825784)	(80, 0.1084820322925121)	(82, 0.1085821277549846)	(84, 0.10867507354156622)	(86, 0.10873227094869337)	(88, 0.10883236641116585)	(90, 0.10899680895665638)	(92, 0.10912550312269245)	(94, 0.10928279599229207)	(96, 0.10949728626901886)	(98, 0.10969747719396385)	(100, 0.10987621909123615)	(102, 0.11005496098850848)	(104, 0.11019080483043542)	(106, 0.11034809770003506)	(108, 0.11052683959730739)	(110, 0.1106984318186888)	(112, 0.11083427566061575)	(114, 0.11102016723377896)	(116, 0.11114171172392413)	(118, 0.11124180718639662)	(120, 0.11143484843545072)	(122, 0.11157784195326857)	(124, 0.11181378125766803)	(126, 0.11204257088617658)	(128, 0.11227851019057605)	(130, 0.11247155143963014)	(132, 0.11266459268868423)	(134, 0.11293628037253815)	(136, 0.11328661449119189)	(138, 0.11357260152682758)
M145_2_3_1 - polyg	(1, 0.0)	(2, 0.0)	(3, 0.00021449027672677543)	(4, 0.0007149675890892514)	(5, 0.001515731288869213)	(6, 0.0033317489651559116)	(7, 0.00529076015926046)	(8, 0.007092478483765374)	(9, 0.010667316429211631)	(10, 0.013956167339022187)	(12, 0.016701642881124912)	(14, 0.01876789921359285)	(16, 0.02093425100853328)	(18, 0.022764568036601766)	(20, 0.024837974044960593)	(22, 0.0271258703300462)	(24, 0.029978591010512312)	(26, 0.03280986266330575)	(28, 0.035140657003736704)	(30, 0.03747860102005856)	(32, 0.039594905083762746)	(34, 0.04217593808037494)	(36, 0.044613977559169286)	(38, 0.047144962824545236)	(40, 0.049790342904175465)	(42, 0.0525286687703873)	(44, 0.055159749498235745)	(46, 0.05815546369651971)	(48, 0.06154441006880276)	(50, 0.06469741713668636)	(52, 0.067714580362643)	(54, 0.07066739650558161)	(56, 0.07370600875921093)	(58, 0.0769805603172397)	(60, 0.08021936349581402)	(62, 0.08322222736998887)	(64, 0.08616074416114569)	(66, 0.08940669701561088)	(68, 0.09234521380676772)	(70, 0.09534092800505167)	(72, 0.09786476359453673)	(74, 0.10085332811692979)	(76, 0.10388479069466823)	(78, 0.10699489970720646)	(80, 0.11013360742330829)	(82, 0.11362264925806384)	(84, 0.11704734400980135)	(86, 0.12020750075357584)	(88, 0.12351780069105908)	(90, 0.12669225678661536)	(92, 0.12945203168049985)	(94, 0.1326622361555106)	(96, 0.1362656728045204)	(98, 0.13986195977763938)	(100, 0.14283622494825066)	(102, 0.14636101516246064)	(104, 0.15030763625423332)	(106, 0.15350354137746228)	(108, 0.15742156376567137)	(110, 0.16144683129224385)	(112, 0.16506456729303548)	(114, 0.16896114065357187)	(116, 0.1731580004015258)	(118, 0.1771689685763165)	(120, 0.18068660911463563)	(122, 0.18446163798502685)	(124, 0.18852265389105383)	(126, 0.19300550067464342)	(128, 0.19765993967961443)	(130, 0.20271476053447546)	(132, 0.20814851421155378)	(134, 0.213853955572486)	(136, 0.21903032091749217)	(138, 0.22461421778827922)
M145_2_3_2 - illumina_universal_adapter	(1, 0.0)	(2, 0.0)	(3, 4.2898055345355084e-05)	(4, 8.579611069071017e-05)	(5, 0.00012869416603606527)	(6, 0.00024308898029034548)	(7, 0.00032888509098105565)	(8, 0.0004575792570171209)	(9, 0.000500477312362476)	(10, 0.0006005727748349712)	(12, 0.0006577701819621112)	(14, 0.000765015320325499)	(16, 0.0009580565693795968)	(18, 0.0011224991148701246)	(20, 0.001294091336251545)	(22, 0.0015443299924327832)	(24, 0.0017588202691595585)	(26, 0.0021806511467222164)	(28, 0.00244518915468524)	(30, 0.002631080727848445)	(32, 0.002931367115265931)	(34, 0.0032459528544652016)	(36, 0.003646334704355182)	(38, 0.004003818498899808)	(40, 0.0043899009970080035)	(42, 0.004833180902243339)	(44, 0.005247862103915105)	(46, 0.005755489092168473)	(48, 0.006263116080421842)	(50, 0.0068207907999114584)	(52, 0.007578656444346065)	(54, 0.008479515606598521)	(56, 0.009387524444741871)	(58, 0.01006674365437666)	(60, 0.010681615780993416)	(62, 0.011553876239682303)	(64, 0.012533381836734577)	(66, 0.013727377710513626)	(68, 0.014749781362911257)	(70, 0.016315560383016715)	(72, 0.01763110074694094)	(74, 0.019061035925119443)	(76, 0.020576767213988656)	(78, 0.022256941048348397)	(80, 0.024330347056707224)	(82, 0.026425202092738735)	(84, 0.02898478606167825)	(86, 0.03188755447338061)	(88, 0.03475457450562851)	(90, 0.038093473146675313)	(92, 0.042004345858993514)	(94, 0.04612255917214761)	(96, 0.050776998177118636)	(98, 0.055953363522124815)	(100, 0.06175890034552954)	(102, 0.06835805119282333)	(104, 0.07595815666484207)	(106, 0.08447342065089505)	(108, 0.09333186907971089)	(110, 0.1032413198644879)	(112, 0.11494533929787895)	(114, 0.12662076002770645)	(116, 0.13961887079734903)	(118, 0.15399686901393386)	(120, 0.17091300217178557)	(122, 0.18807937398581848)	(124, 0.20616805398977656)	(126, 0.22764568036601765)	(128, 0.25387069153381137)	(130, 0.2809536638085122)	(132, 0.3088659984865566)	(134, 0.3392235223192862)	(136, 0.37367781043749726)	(138, 0.4162326813400895)
M145_2_3_2 - polyg	(1, 0.2118305972953634)	(2, 0.22093928438036048)	(3, 0.221968837708649)	(4, 0.22344167094217285)	(5, 0.2252004912113324)	(6, 0.22956179350477685)	(7, 0.23385159903931235)	(8, 0.23756943050257645)	(9, 0.2437467504723076)	(10, 0.2504817451615283)	(12, 0.2570522973052586)	(14, 0.2619855736699744)	(16, 0.26636832499109153)	(18, 0.2706724298774088)	(20, 0.27452610518259984)	(22, 0.2776719625745926)	(24, 0.2809822625120758)	(26, 0.28393507865501444)	(28, 0.2865447103551902)	(30, 0.2889398517786392)	(32, 0.2913063944985246)	(34, 0.29373013462553715)	(36, 0.2958964864204776)	(38, 0.2978983956699275)	(40, 0.3000647474648679)	(42, 0.30206665671431787)	(44, 0.3038040279558047)	(46, 0.30557714757674603)	(48, 0.307307369142342)	(50, 0.3089231958936838)	(52, 0.310903656115461)	(54, 0.31245513578378464)	(56, 0.31398516642443564)	(58, 0.31567963961057716)	(60, 0.3173312147413734)	(62, 0.31904713695518755)	(64, 0.32097039976983766)	(66, 0.32277926777023347)	(68, 0.3246238841500837)	(70, 0.32631120766033433)	(72, 0.3281129259848392)	(74, 0.32977880046741725)	(76, 0.33176641036508536)	(78, 0.33353952998602665)	(80, 0.3351625064132593)	(82, 0.3370929189038002)	(84, 0.3393593661612132)	(86, 0.34138987411422667)	(88, 0.3434346814190219)	(90, 0.3451220049292726)	(92, 0.34742420056614)	(94, 0.34986938972082515)	(96, 0.352271680820165)	(98, 0.35425214104194225)	(100, 0.35639704380921)	(102, 0.3585490962523687)	(104, 0.3611444286007627)	(106, 0.36368971321792043)	(108, 0.36579886760573366)	(110, 0.3679008723176561)	(112, 0.3702459660098688)	(114, 0.37248381456371815)	(116, 0.3750362488567668)	(118, 0.37762443152926994)	(120, 0.37994807619381)	(122, 0.3820572305816233)	(124, 0.38452386876398115)	(126, 0.3868046153731759)	(128, 0.38914970906538865)	(130, 0.3919023342833823)	(132, 0.39504819167537497)	(134, 0.3981440013361315)	(136, 0.4011540148861972)	(138, 0.4041854774639356)
M145_2_4_1 - illumina_universal_adapter	(1, 6.654856514638688e-05)	(2, 6.654856514638688e-05)	(3, 6.654856514638688e-05)	(4, 7.985827817566426e-05)	(5, 0.00010647770423421901)	(6, 0.00017302626938060588)	(7, 0.00017302626938060588)	(8, 0.00017302626938060588)	(9, 0.00017302626938060588)	(10, 0.00019299083892452195)	(12, 0.0002661942605855475)	(14, 0.00031277825618801833)	(16, 0.0003527073952758504)	(18, 0.0003859816778490439)	(20, 0.0005190788081418176)	(22, 0.000765308499183449)	(24, 0.0009316799120494163)	(26, 0.001091396468400745)	(28, 0.0013043518768691828)	(30, 0.0015905107069986465)	(32, 0.0018300855415256392)	(34, 0.002043040949994077)	(36, 0.0022493415019478767)	(38, 0.0025488100451066175)	(40, 0.002834968875236081)	(42, 0.0031410922749094605)	(44, 0.0034605253876121176)	(46, 0.0037666487872854973)	(48, 0.004092736756502793)	(50, 0.004651744703732443)	(52, 0.005184133224903537)	(54, 0.005716521746074633)	(56, 0.006302149119362837)	(58, 0.006754679362358268)	(60, 0.007453439296395331)	(62, 0.00852487119525216)	(64, 0.009496480246389407)	(66, 0.01044812472798274)	(68, 0.011592760048500595)	(70, 0.012897111925369777)	(72, 0.014627374619175836)	(74, 0.016291088747835508)	(76, 0.01820103256753681)	(78, 0.02011763124375275)	(80, 0.02216732705026147)	(82, 0.0250621896341293)	(84, 0.028316414469787617)	(86, 0.031843488422546126)	(88, 0.03555024350119987)	(90, 0.040102165357212734)	(92, 0.045186475734396686)	(94, 0.05120246602363006)	(96, 0.057285004878009825)	(98, 0.06415281680111695)	(100, 0.07237156459669572)	(102, 0.08213423910367068)	(104, 0.09326781405266121)	(106, 0.10438807928862245)	(108, 0.11670621869721867)	(110, 0.13023554199147913)	(112, 0.14570808338801405)	(114, 0.16311053317379426)	(116, 0.1822099713708073)	(118, 0.20359868020885602)	(120, 0.2283148173042241)	(122, 0.2539759440246709)	(124, 0.28147381114315795)	(126, 0.31285145960967936)	(128, 0.35075752231706137)	(130, 0.39020751173583945)	(132, 0.4321464174910925)	(134, 0.47727965437337205)	(136, 0.5271910782331621)	(138, 0.5862662395136098)
M145_2_4_1 - polyg	(1, 0.0)	(2, 0.0)	(3, 0.00013309713029277377)	(4, 0.00042591081693687605)	(5, 0.0011047061814300223)	(6, 0.002475606623445592)	(7, 0.003952984769695381)	(8, 0.00537712406382806)	(9, 0.007892659826361484)	(10, 0.010607841284334068)	(12, 0.012770669651591642)	(14, 0.014467658062824507)	(16, 0.01633101788692334)	(18, 0.018334129697829583)	(20, 0.020117631243752754)	(22, 0.022247185328437134)	(24, 0.024995641068982912)	(26, 0.027418008840311394)	(28, 0.029913580033300902)	(30, 0.03206975354404384)	(32, 0.03431244018947707)	(34, 0.03630889714386868)	(36, 0.03880446833685819)	(38, 0.04129338467333306)	(40, 0.04409507926599594)	(42, 0.04674371215882214)	(44, 0.04908622165197496)	(46, 0.05205428765750382)	(48, 0.05536175134527924)	(50, 0.0586226310374522)	(52, 0.061757068455847025)	(54, 0.06453879847896599)	(56, 0.06724067022390931)	(58, 0.06968965742129635)	(60, 0.0724181485922982)	(62, 0.07522649804147571)	(64, 0.07794833435596295)	(66, 0.0810162232092114)	(68, 0.08421720919275259)	(70, 0.08693904550723983)	(72, 0.08970081096081488)	(74, 0.09238271813621426)	(76, 0.09524430643750889)	(78, 0.09787297476079118)	(80, 0.10050164308407347)	(82, 0.10334992167233883)	(84, 0.10636457167347015)	(86, 0.10931267310945508)	(88, 0.1123605973931596)	(90, 0.1150957434206761)	(92, 0.11781757973516332)	(94, 0.12066585832342869)	(96, 0.12406649000240906)	(98, 0.12750705082047725)	(100, 0.13090102764294298)	(102, 0.1339422970701329)	(104, 0.1381614761004138)	(106, 0.1421876642917702)	(108, 0.1461273393484363)	(110, 0.14967437787073873)	(112, 0.15359408835786093)	(114, 0.15781326738814183)	(116, 0.16217219840523017)	(118, 0.16576582092313508)	(120, 0.16965891198419872)	(122, 0.17369175503206974)	(124, 0.17828360602717047)	(126, 0.18264919190077342)	(128, 0.18724769775238875)	(130, 0.19271133495090714)	(132, 0.19820159157548406)	(134, 0.20385821961292694)	(136, 0.2099407584673067)	(138, 0.21634938529090375)
M145_2_4_2 - illumina_universal_adapter	(1, 2.6619426058554753e-05)	(2, 2.6619426058554753e-05)	(3, 2.6619426058554753e-05)	(4, 3.992913908783213e-05)	(5, 6.654856514638688e-05)	(6, 0.00013309713029277377)	(7, 0.00013309713029277377)	(8, 0.00013309713029277377)	(9, 0.00013309713029277377)	(10, 0.0001663714128659672)	(12, 0.00025288454755627017)	(14, 0.0003061233996733796)	(16, 0.00036601710830512784)	(18, 0.00039929139087832127)	(20, 0.0005922822298028432)	(22, 0.0008917507729615842)	(24, 0.0011113610379446608)	(26, 0.0013110067333838215)	(28, 0.0015905107069986465)	(30, 0.0018766695371281099)	(32, 0.002156173510742935)	(34, 0.002448987197387037)	(36, 0.0027351460275165007)	(38, 0.0030811985662777125)	(40, 0.0034339059615535626)	(42, 0.0037866133568294135)	(44, 0.004145975608619902)	(46, 0.004518647573439669)	(48, 0.00487135496871552)	(50, 0.005437017772459808)	(52, 0.006002680576204096)	(54, 0.006608272519036217)	(56, 0.007173935322780505)	(58, 0.007613155852746659)	(60, 0.008358499782386192)	(62, 0.009516444815933323)	(64, 0.010614496140848707)	(66, 0.011592760048500593)	(68, 0.012803943934164836)	(70, 0.014174844376180405)	(72, 0.015891797356957185)	(74, 0.017582130911675414)	(76, 0.019485419874862075)	(78, 0.02145525740319513)	(80, 0.023578156631364873)	(82, 0.02641312550660095)	(84, 0.02968066005528855)	(86, 0.033247663147134884)	(88, 0.03708086049956677)	(90, 0.04173926005981385)	(92, 0.04687680928911492)	(94, 0.05278632187411407)	(96, 0.05892875443712558)	(98, 0.06584315035583518)	(100, 0.0741018272905018)	(102, 0.0840109086407988)	(104, 0.09523765158099426)	(106, 0.10637788138649942)	(108, 0.11855626880828823)	(110, 0.1322120343763268)	(112, 0.14757809806862754)	(114, 0.16480086672851246)	(116, 0.18403340205581828)	(118, 0.20542876575038166)	(120, 0.2299984960024277)	(122, 0.25546663188394997)	(124, 0.2827715081635125)	(126, 0.31383637837384587)	(128, 0.3516825473725961)	(130, 0.3910526785131986)	(132, 0.4328784517077027)	(134, 0.4781115114377019)	(136, 0.5277966701759944)	(138, 0.586851866886898)
M145_2_4_2 - polyg	(1, 0.17033770734869186)	(2, 0.17735192611512104)	(3, 0.17804403119264345)	(4, 0.17910880823498565)	(5, 0.18073259322455748)	(6, 0.18375389808220344)	(7, 0.18682844179196653)	(8, 0.18957024267599767)	(9, 0.19453476563591812)	(10, 0.19917985548313594)	(12, 0.20391811332155868)	(14, 0.20791768208685651)	(16, 0.21132496862235153)	(18, 0.21428637977136575)	(20, 0.21674867668178205)	(22, 0.21931079643991797)	(24, 0.22199270361531737)	(26, 0.22426866454332378)	(28, 0.2261652986499958)	(30, 0.22820833959998987)	(32, 0.23013159313272047)	(34, 0.23180196211789478)	(36, 0.23360542823336183)	(38, 0.23505618695355307)	(40, 0.23667997194312493)	(42, 0.2381506952328601)	(44, 0.23968131223122696)	(46, 0.24109879666884504)	(48, 0.24260279424115336)	(50, 0.24410679181346173)	(52, 0.24549100196850654)	(54, 0.2468020087018904)	(56, 0.2485655456782696)	(58, 0.2502625340895025)	(60, 0.2520260710658817)	(62, 0.25351010406864616)	(64, 0.25505403078004235)	(66, 0.2566511963435556)	(68, 0.258301600759186)	(70, 0.25985218232709684)	(72, 0.2611898084865392)	(74, 0.26301323917155023)	(76, 0.26479008586095876)	(78, 0.2665203485547648)	(80, 0.26807758497919026)	(82, 0.2698743962381427)	(84, 0.2717444109187562)	(86, 0.2737275581601185)	(88, 0.27553767913210025)	(90, 0.27748089723437475)	(92, 0.27961045131905915)	(94, 0.281786589399346)	(96, 0.28410913432295487)	(98, 0.28627861754672707)	(100, 0.28837489734883825)	(102, 0.29056434514215435)	(104, 0.29252752781397284)	(106, 0.294936585872272)	(108, 0.29735229878708586)	(110, 0.2997014631367533)	(112, 0.3017844332258352)	(114, 0.3041934912841344)	(116, 0.30663582362500685)	(118, 0.3091646691005695)	(120, 0.31169351457613226)	(122, 0.3139295463650508)	(124, 0.3163319495668354)	(126, 0.31857463621226867)	(128, 0.3208372874272458)	(130, 0.32343933632446953)	(132, 0.3259149429479151)	(134, 0.32874991182315116)	(136, 0.33127875729871387)	(138, 0.33402721303925964)
M145_3_2_1 - illumina_universal_adapter	(1, 3.8011588466270415e-05)	(2, 3.8011588466270415e-05)	(3, 5.068211795502722e-05)	(4, 5.068211795502722e-05)	(5, 0.00015204635386508166)	(6, 0.0002027284718201089)	(7, 0.0002407400602863793)	(8, 0.00027875164875264973)	(9, 0.00029142217824140655)	(10, 0.00031676323721892014)	(12, 0.00037378061991832575)	(14, 0.00039278641415146096)	(16, 0.00044346853210648824)	(18, 0.0005384975032721643)	(20, 0.000646197003926597)	(22, 0.0008172491520248139)	(24, 0.0009883013001230308)	(26, 0.0012607176841313021)	(28, 0.0014190993027407622)	(30, 0.0016471688335383847)	(32, 0.0019766026002460617)	(34, 0.0022997011022093602)	(36, 0.002876210193947795)	(38, 0.003230985019632986)	(40, 0.0035160719331300137)	(42, 0.003725135669694501)	(44, 0.004092581024868448)	(46, 0.004422014791576126)	(48, 0.004732442764050666)	(50, 0.005201252355134668)	(52, 0.005765090917384346)	(54, 0.006271912096934619)	(56, 0.006892768041883702)	(58, 0.0073679128977120825)	(60, 0.008014109901638679)	(62, 0.008717324288264681)	(64, 0.00947755605759009)	(66, 0.010389834180780582)	(68, 0.011428817598858639)	(70, 0.012619847370801778)	(72, 0.013753859760045513)	(74, 0.015058924297387463)	(76, 0.016516035188594496)	(78, 0.01813152769841099)	(80, 0.02007645397493516)	(82, 0.022116409222625005)	(84, 0.0244351161190675)	(86, 0.0271339389001727)	(88, 0.030086172271053035)	(90, 0.03326647517273099)	(92, 0.03752377308095328)	(94, 0.04199013472574005)	(96, 0.046861953314167044)	(98, 0.05250033893666382)	(100, 0.05865188100345525)	(102, 0.06518987421965378)	(104, 0.07343838891683445)	(106, 0.08182627943839145)	(108, 0.0906132916388443)	(110, 0.10100312581962487)	(112, 0.11271069506723616)	(114, 0.12536221876175985)	(116, 0.13825448251656988)	(118, 0.1529142851350615)	(120, 0.17036793950582402)	(122, 0.18780892334709776)	(124, 0.20637124904812648)	(126, 0.22867771621308283)	(128, 0.25505142334393016)	(130, 0.2814378010042662)	(132, 0.3108524352124151)	(134, 0.34319396173246686)	(136, 0.3789375254202498)	(138, 0.4210543654408774)
M145_3_2_1 - polyg	(1, 0.0)	(2, 0.0)	(3, 0.00013937582437632487)	(4, 0.00043079800261773137)	(5, 0.0008996075937017333)	(6, 0.0021413194835999)	(7, 0.0038645114940708256)	(8, 0.00519491709039029)	(9, 0.007691011399675381)	(10, 0.010560886328878798)	(12, 0.013392749669615945)	(14, 0.01567344497759217)	(16, 0.01841027934716364)	(18, 0.02074165677309489)	(20, 0.024302075559435553)	(22, 0.027773800639354917)	(24, 0.031790358487290823)	(26, 0.03482495029984808)	(28, 0.03782786578868344)	(30, 0.041065186073060804)	(32, 0.04397940785547487)	(34, 0.0464945079589931)	(36, 0.04970648718439295)	(38, 0.052969148527747825)	(40, 0.05583902345695124)	(42, 0.05958316492087888)	(44, 0.06281414994051186)	(46, 0.06640624505057442)	(48, 0.06997933436640383)	(50, 0.07359043527069953)	(52, 0.07728389461667214)	(54, 0.08082530760877966)	(56, 0.08438572639512032)	(58, 0.08704020232301488)	(60, 0.089821383545797)	(62, 0.09373657715782285)	(64, 0.09682818635307952)	(66, 0.10014786507913379)	(68, 0.10339152062825555)	(70, 0.10636909505811339)	(72, 0.10935934001745999)	(74, 0.11195679856265514)	(76, 0.11459860396106092)	(78, 0.11736077938960991)	(80, 0.12018630746560269)	(82, 0.1230245060710842)	(84, 0.12674330647603432)	(86, 0.129651192993704)	(88, 0.1323563510395536)	(90, 0.13497281537898187)	(92, 0.13800740719153912)	(94, 0.14099131688614136)	(96, 0.1437915039031566)	(98, 0.14685777203943576)	(100, 0.1502724797366557)	(102, 0.15421301440765908)	(104, 0.15806485537224116)	(106, 0.16194203739580074)	(108, 0.16569251412447275)	(110, 0.1693479618819791)	(112, 0.1736242655844345)	(114, 0.17762815290288164)	(116, 0.18238593672590983)	(118, 0.18654820566296643)	(120, 0.19062178089360177)	(122, 0.19502478989094474)	(124, 0.19957984524215283)	(126, 0.20400186003372894)	(128, 0.20858225644391454)	(130, 0.21403058412407996)	(132, 0.2196499639523436)	(134, 0.22505394477929838)	(136, 0.23081903569668272)	(138, 0.23653344449611205)
M145_3_2_2 - illumina_universal_adapter	(1, 2.534105897751361e-05)	(2, 2.534105897751361e-05)	(3, 3.8011588466270415e-05)	(4, 3.8011588466270415e-05)	(5, 0.00013937582437632487)	(6, 0.0001900579423313521)	(7, 0.0002280695307976225)	(8, 0.0002660811192638929)	(9, 0.00027875164875264973)	(10, 0.0003040927077301633)	(12, 0.00037378061991832575)	(14, 0.00043079800261773137)	(16, 0.0005131564442946506)	(18, 0.0006525322686709755)	(20, 0.0007919080930473004)	(22, 0.0009946365648674093)	(24, 0.0011783592424543829)	(26, 0.0015141282739064383)	(28, 0.0017231920104709255)	(30, 0.0020272847182010887)	(32, 0.00242007113235255)	(34, 0.0028128575465040107)	(36, 0.003459054550430608)	(38, 0.0039025230825370963)	(40, 0.004314315290921692)	(42, 0.004669090116606883)	(44, 0.005106223383968993)	(46, 0.0054863392686316965)	(48, 0.005904466741760672)	(50, 0.006550663745687269)	(52, 0.007228537073335758)	(54, 0.007900075136239868)	(56, 0.008596954258121493)	(58, 0.009103775437671765)	(60, 0.009825995618530902)	(62, 0.010579892123111933)	(64, 0.011390806010392367)	(66, 0.01237277204577102)	(68, 0.01352579022924789)	(70, 0.014818184237101083)	(72, 0.016059896126999252)	(74, 0.017390301723318714)	(76, 0.019100823204300885)	(78, 0.020830350479516188)	(80, 0.022876640991950414)	(82, 0.024986284151828422)	(84, 0.027400020019436592)	(86, 0.03018753650696309)	(88, 0.03321579305477597)	(90, 0.0364911249276196)	(92, 0.04094481604291762)	(94, 0.045480865599892555)	(96, 0.05050473054218463)	(98, 0.056288827253802104)	(100, 0.06268110938087992)	(102, 0.06944083686313168)	(104, 0.07760065785389106)	(106, 0.08619127684726817)	(108, 0.09507965328363108)	(110, 0.10558352222981046)	(112, 0.11721506830048921)	(114, 0.13003130887836672)	(116, 0.14292990789792115)	(118, 0.15774809213502222)	(120, 0.17513839385834096)	(122, 0.19254136611114842)	(124, 0.2110593449589665)	(126, 0.2333784826534116)	(128, 0.2595748023714163)	(130, 0.28615757323882807)	(132, 0.3156609011533983)	(134, 0.3478377107900962)	(136, 0.3839487198330531)	(138, 0.4265280341800204)
M145_3_2_2 - polyg	(1, 0.17765349396185917)	(2, 0.18381137129339498)	(3, 0.18467296729863045)	(4, 0.18587666760006233)	(5, 0.18748582484513446)	(6, 0.19045072874550353)	(7, 0.19392245382542292)	(8, 0.19716610937454465)	(9, 0.2027538128790864)	(10, 0.20799941208743172)	(12, 0.21388487303495923)	(14, 0.2182371999143472)	(16, 0.22171526025901095)	(18, 0.22509829163250905)	(20, 0.22762606226551602)	(22, 0.23049593719471945)	(24, 0.2331124015341477)	(26, 0.23591892381590734)	(28, 0.23841501812519245)	(30, 0.24035360913697223)	(32, 0.24203245429423248)	(34, 0.24366695259828214)	(36, 0.24582727787611516)	(38, 0.24779754521161684)	(40, 0.2497741478118629)	(42, 0.25149100455758944)	(44, 0.25326487868601544)	(46, 0.25507042913816325)	(48, 0.25699634962045426)	(50, 0.25896661695595596)	(52, 0.26106358958634523)	(54, 0.2628818105679818)	(56, 0.26447196201882084)	(58, 0.2660811192638929)	(60, 0.26786132865706325)	(62, 0.26961619699125605)	(64, 0.27128870688377194)	(66, 0.27285351727563345)	(68, 0.2744183276674949)	(70, 0.27583109170549125)	(72, 0.27739590209735276)	(74, 0.2793661694328544)	(76, 0.2810956967080697)	(78, 0.28276187133584124)	(80, 0.2843456875219359)	(82, 0.2862082553567831)	(84, 0.28786809471981023)	(86, 0.28962929831874745)	(88, 0.29125112609330833)	(90, 0.2929616475742905)	(92, 0.2948939033213259)	(94, 0.2967184595677069)	(96, 0.298796426403863)	(98, 0.3008807285047635)	(100, 0.3029333542819421)	(102, 0.30506200323605326)	(104, 0.30747573910366144)	(106, 0.30981345179433706)	(108, 0.3121131528965464)	(110, 0.31420379026219125)	(112, 0.3169849714849734)	(114, 0.3195317479122135)	(116, 0.32198349536828796)	(118, 0.32432754332370795)	(120, 0.32656389177847356)	(122, 0.32883825182170534)	(124, 0.3314420456316449)	(126, 0.33402049838260695)	(128, 0.3364912516329145)	(130, 0.3391710686197865)	(132, 0.34200926722526803)	(134, 0.3450185179788478)	(136, 0.34770467023046425)	(138, 0.3507392620430215)
M145_3_3_1 - illumina_universal_adapter	(1, 6.736474506485878e-05)	(2, 6.736474506485878e-05)	(3, 8.083769407783053e-05)	(4, 0.00013472949012971756)	(5, 0.00020209423519457632)	(6, 0.00025598603124646336)	(7, 0.0002964048782853786)	(8, 0.0003233507763113221)	(9, 0.00035029667433726566)	(10, 0.00036376962335023743)	(12, 0.00043787084292158207)	(14, 0.0005793368075577855)	(16, 0.0006871203996615595)	(18, 0.0008083769407783053)	(20, 0.0009296334818950511)	(22, 0.0011182547680766556)	(24, 0.0012799301562323169)	(26, 0.0014954973404398648)	(28, 0.0017514833716863283)	(30, 0.0020142058774392773)	(32, 0.0022971378067116843)	(34, 0.002600279159503549)	(36, 0.0028832110887759554)	(38, 0.0032132983395937635)	(40, 0.0035568585394245436)	(42, 0.004055357652904499)	(44, 0.004432600225267707)	(46, 0.0048435251701633465)	(48, 0.005308341911110872)	(50, 0.005739476279525968)	(52, 0.006251448342018895)	(54, 0.006763420404511821)	(56, 0.007389912533615008)	(58, 0.00813766120383494)	(60, 0.008858463976028928)	(62, 0.009666840916807234)	(64, 0.010421326061533651)	(66, 0.01132401364540276)	(68, 0.012368167193908071)	(70, 0.013446003114945811)	(72, 0.014712460322165156)	(74, 0.016315741254708797)	(76, 0.017757346799096775)	(78, 0.019441465425718243)	(80, 0.021374833609079692)	(82, 0.023314938266947624)	(84, 0.02555818427760742)	(86, 0.02856265190750012)	(88, 0.03151996421584742)	(90, 0.03501619448471359)	(92, 0.038876194376930004)	(94, 0.042864187284769636)	(96, 0.047384361678621666)	(98, 0.05211336678217475)	(100, 0.057691167673545055)	(102, 0.06417839262329096)	(104, 0.07113043431398439)	(106, 0.07874265050631342)	(108, 0.08615950893795438)	(110, 0.09522680362368437)	(112, 0.1056077108381791)	(114, 0.11662858313079)	(116, 0.12870708192091918)	(118, 0.14160069412633314)	(120, 0.1567847076639523)	(122, 0.1728714087854406)	(124, 0.19091842398831627)	(126, 0.21072365903738474)	(128, 0.23393755018673507)	(130, 0.2588961882332652)	(132, 0.2852560129771445)	(134, 0.31484260900963046)	(136, 0.3484374073734755)	(138, 0.38853964011058595)
M145_3_3_1 - polyg	(1, 0.0)	(2, 0.0)	(3, 0.00012125654111674579)	(4, 0.0005658638585448137)	(5, 0.0011452006661025992)	(6, 0.002694589802594351)	(7, 0.004513437919345538)	(8, 0.0060763000048502614)	(9, 0.008932565195600274)	(10, 0.013297800675803124)	(12, 0.01684792274072118)	(14, 0.019353891257133927)	(16, 0.02243246010659797)	(18, 0.025059685164127467)	(20, 0.029539440710940574)	(22, 0.03357458894032561)	(24, 0.03845179648302139)	(26, 0.041853716108796755)	(28, 0.045248899260065645)	(30, 0.048415042278114)	(32, 0.05102879438663052)	(34, 0.053346141616861666)	(36, 0.05645839283885814)	(38, 0.05965821822943893)	(40, 0.06273005060439649)	(42, 0.06673825293575558)	(44, 0.07058477987895903)	(46, 0.07416858431640952)	(48, 0.07823741491832698)	(50, 0.08174038166169964)	(52, 0.08530397667563067)	(54, 0.08862505860732821)	(56, 0.092296437213363)	(58, 0.09510554708256762)	(60, 0.09801570406936952)	(62, 0.10217884531437779)	(64, 0.10566833910873748)	(66, 0.10927908944421391)	(68, 0.11228355707410662)	(70, 0.11507245751979175)	(72, 0.11797587803208717)	(74, 0.12110833867760311)	(76, 0.1240723874604569)	(78, 0.12701622681979122)	(80, 0.13009479566925528)	(82, 0.13320704689125173)	(84, 0.13660223004252064)	(86, 0.1396201706214263)	(88, 0.14255053703174764)	(90, 0.1454068022224977)	(92, 0.14811486497410498)	(94, 0.1511530149765301)	(96, 0.1537937129830726)	(98, 0.1567442888169134)	(100, 0.16005863427410444)	(102, 0.16416788372306085)	(104, 0.16796725534471887)	(106, 0.1723931190954801)	(108, 0.1762531189876965)	(110, 0.18047688850326316)	(112, 0.1850846370656995)	(114, 0.18885706278933156)	(116, 0.1944213907316889)	(118, 0.1982005529298275)	(120, 0.20184498563783637)	(122, 0.20661440958842836)	(124, 0.21085838852751446)	(126, 0.21572212312119726)	(128, 0.22029618931110118)	(130, 0.22601545616710766)	(132, 0.23157304763495853)	(134, 0.23725863211843262)	(136, 0.24291727070388075)	(138, 0.24875779410100402)
M145_3_3_2 - illumina_universal_adapter	(1, 6.736474506485878e-05)	(2, 6.736474506485878e-05)	(3, 8.083769407783053e-05)	(4, 0.00012125654111674579)	(5, 0.00018862128618160457)	(6, 0.00024251308223349158)	(7, 0.00028293192927240685)	(8, 0.0003098778272983504)	(9, 0.0003637696233502374)	(10, 0.00037724257236320915)	(12, 0.0004580802664410397)	(14, 0.0006197556545967007)	(16, 0.00076795809373939)	(18, 0.0008824781603496499)	(20, 0.0010104711759728816)	(22, 0.0012260383601804298)	(24, 0.0014079231718555484)	(26, 0.0016639092031020119)	(28, 0.001973787030400362)	(30, 0.002324083704737628)	(32, 0.002694589802594351)	(34, 0.0031728794925548484)	(36, 0.003570331488437515)	(38, 0.003981256433333154)	(40, 0.0045134379193455375)	(42, 0.005086038252396838)	(44, 0.005564327942357335)	(46, 0.006089772953863233)	(48, 0.006669109761421019)	(50, 0.007282128941511234)	(52, 0.007901884596107935)	(54, 0.008508167301691663)	(56, 0.009235706548392139)	(58, 0.010084502336209358)	(60, 0.010960244022052524)	(62, 0.011943769299999461)	(64, 0.01289361220541397)	(66, 0.013978184600958198)	(68, 0.015103175843541337)	(70, 0.016268585933163396)	(72, 0.017649563206993)	(74, 0.019407783053185815)	(76, 0.020903280393625677)	(78, 0.022661500239818493)	(80, 0.02464202374472534)	(82, 0.026561918979073815)	(84, 0.028946630954369813)	(86, 0.03187026089018469)	(88, 0.03482757319853198)	(90, 0.03837095878894356)	(92, 0.042379161120302655)	(94, 0.04638736345166175)	(96, 0.05119720624929267)	(98, 0.05616872443507925)	(100, 0.062063139628254396)	(102, 0.0687794047112208)	(104, 0.07575839229994018)	(106, 0.08336387201776274)	(108, 0.0910636623786761)	(110, 0.1002656865545358)	(112, 0.11086889742774458)	(114, 0.12185608734782305)	(116, 0.1338470119693679)	(118, 0.1470639749510932)	(120, 0.16239619092785507)	(122, 0.17876582397861573)	(124, 0.19674547443642654)	(126, 0.2166989119246377)	(128, 0.23991280307398805)	(130, 0.2649320693910766)	(132, 0.29162198138577367)	(134, 0.32151171877105145)	(136, 0.35542313143670135)	(138, 0.39513464865243564)
M145_3_3_2 - polyg	(1, 0.17555252563902196)	(2, 0.1832186336274029)	(3, 0.18404048351719418)	(4, 0.1853743054694784)	(5, 0.18713926179017767)	(6, 0.19031887775723902)	(7, 0.19383531744962465)	(8, 0.1971900817538546)	(9, 0.2025388425120044)	(10, 0.208439994179686)	(12, 0.21454324008256223)	(14, 0.21932613698216719)	(16, 0.22332086636451332)	(18, 0.22687098842943137)	(20, 0.2302526986316873)	(22, 0.23333126748115135)	(24, 0.2361201679268365)	(26, 0.23890906837252165)	(28, 0.2414285098379474)	(30, 0.24373238411916553)	(32, 0.24566575230252696)	(34, 0.24786184299164138)	(36, 0.24994341361414552)	(38, 0.25201151128763666)	(40, 0.2538775147259333)	(42, 0.25584456528182714)	(44, 0.25741416384183835)	(46, 0.25888945175875877)	(48, 0.2604859962167959)	(50, 0.26231831728256005)	(52, 0.26423147604240205)	(54, 0.26594927704155596)	(56, 0.2674919297035412)	(58, 0.26907500121256545)	(60, 0.2705637620784988)	(62, 0.2720323135209127)	(64, 0.2737096956730277)	(66, 0.27549486141724644)	(68, 0.2770307776047253)	(70, 0.27849932904713914)	(72, 0.28045290665402006)	(74, 0.28234585599034256)	(76, 0.28403671109147055)	(78, 0.2856804108710531)	(80, 0.28760704257990805)	(82, 0.2894528365946852)	(84, 0.2912649482369299)	(86, 0.2928345467969411)	(88, 0.2942155240707707)	(90, 0.2957042849367041)	(92, 0.2975096601044423)	(94, 0.29960470367595937)	(96, 0.30143702474172357)	(98, 0.30320871753692935)	(100, 0.3050814574497324)	(102, 0.3069811432605615)	(104, 0.30908292330658504)	(106, 0.3118179319562183)	(108, 0.3142161168805273)	(110, 0.3165671464832909)	(112, 0.3186150347332626)	(114, 0.3209728008105326)	(116, 0.3235393975975037)	(118, 0.32578264360816356)	(120, 0.32831555802260226)	(122, 0.3305924864057944)	(124, 0.3326605840792856)	(126, 0.3348903571409324)	(128, 0.3369786642379431)	(130, 0.33953852455040767)	(132, 0.34213880370991123)	(134, 0.3445976169047786)	(136, 0.3474201997229962)	(138, 0.35031014728627863)
M145_3_4_1 - illumina_universal_adapter	(1, 0.0)	(2, 2.7419075341038458e-05)	(3, 6.854768835259615e-05)	(4, 0.0001370953767051923)	(5, 0.0002741907534103846)	(6, 0.0005072528938092115)	(7, 0.0005620910444912884)	(8, 0.0006306387328438845)	(9, 0.0006991864211964807)	(10, 0.0008774104109132307)	(12, 0.0010282153252889423)	(14, 0.00124756792801725)	(16, 0.0014120823800634805)	(18, 0.0016519992892975672)	(20, 0.0020015924998958074)	(22, 0.002364895248164567)	(24, 0.0026596503080807306)	(26, 0.002954405367996894)	(28, 0.00320117704606624)	(30, 0.0035507702566644804)	(32, 0.0041060065323205094)	(34, 0.004674952345647057)	(36, 0.00533986492266724)	(38, 0.005984213193181644)	(40, 0.006505175624661374)	(42, 0.0069233165236122106)	(44, 0.0075402457187855754)	(46, 0.008150320145123681)	(48, 0.00871926595845023)	(50, 0.009322485615953075)	(52, 0.009905140966950145)	(54, 0.010631746463487662)	(56, 0.011262385196331548)	(58, 0.012139795607244777)	(60, 0.013051479862334306)	(62, 0.013935745042082797)	(64, 0.014833719759501807)	(66, 0.015889354160131788)	(68, 0.016938133791926508)	(70, 0.018124008800426424)	(72, 0.01956351025583094)	(74, 0.021105833243764353)	(76, 0.02294291129161393)	(78, 0.02486910133432188)	(80, 0.026946096291405545)	(82, 0.029338410614911152)	(84, 0.03202547999833292)	(86, 0.03508956166769397)	(88, 0.03825646486958391)	(90, 0.04201287819130618)	(92, 0.04648904224073071)	(94, 0.051520442565811266)	(96, 0.05682603364430221)	(98, 0.06334491880663409)	(100, 0.06978154674294287)	(102, 0.07706131124598858)	(104, 0.08559549844588682)	(106, 0.09487685544882833)	(108, 0.10480941549111951)	(110, 0.1161334936069684)	(112, 0.12776603632040395)	(114, 0.14033768236427008)	(116, 0.1528956188704657)	(118, 0.16768821001695594)	(120, 0.18427675059828424)	(122, 0.2019277803490777)	(124, 0.22045622051078448)	(126, 0.24152777991037253)	(128, 0.2663557526316829)	(130, 0.29237645513032834)	(132, 0.32104309839938405)	(134, 0.35166335078648875)	(136, 0.3882609615979398)	(138, 0.43069883545703214)
M145_3_4_1 - polya	(1, 0.08892006133098772)	(2, 0.08977005266655992)	(3, 0.09052407723843847)	(4, 0.09090794429321301)	(5, 0.09129181134798756)	(6, 0.0917579356287852)	(7, 0.09221035037191234)	(8, 0.0928958272554383)	(9, 0.09366356136498738)	(10, 0.09441073116803067)	(12, 0.09509620805155664)	(14, 0.09551434895050748)	(16, 0.09570628247789474)	(18, 0.09582281354809416)	(20, 0.09593934461829356)	(22, 0.09598732800014038)	(24, 0.09606273045732824)	(26, 0.09612442337684558)	(28, 0.09616555198985713)	(30, 0.09618611629636291)	(32, 0.09624780921588025)	(34, 0.09633692121073863)	(36, 0.09641232366792649)	(38, 0.09651514520045537)	(40, 0.09664538580832531)	(42, 0.09672078826551317)	(44, 0.0967824811850305)	(46, 0.09689215748639465)	(48, 0.09700183378775881)	(50, 0.09707038147611141)	(52, 0.09712521962679348)	(54, 0.0972760245411692)	(56, 0.09741997468670964)	(58, 0.0974953771438975)	(60, 0.09765989159594374)	(62, 0.09780384174148418)	(64, 0.09790666327401308)	(66, 0.09804375865071827)	(68, 0.09813287064557664)	(70, 0.09823569217810554)	(72, 0.09844819001199859)	(74, 0.09858528538870379)	(76, 0.09879092845376157)	(78, 0.09907882874484247)	(80, 0.09922277889038292)	(82, 0.09935301949825286)	(84, 0.09951067918146383)	(86, 0.09976430562836844)	(88, 0.09999736776876726)	(90, 0.10029897759751868)	(92, 0.10044292774305913)	(94, 0.10071711849646953)	(96, 0.10109413078240881)	(98, 0.10138888584232497)	(100, 0.1016356575203943)	(102, 0.10186871966079314)	(104, 0.102129200876533)	(106, 0.1024171011676139)	(108, 0.10275298484054163)	(110, 0.10312314235764564)	(112, 0.10343160695523232)	(114, 0.10375378109048952)	(116, 0.1041307933764288)	(118, 0.10437756505449816)	(120, 0.10467232011441432)	(122, 0.10496707517433049)	(124, 0.10526183023424665)	(126, 0.1055908591383391)	(128, 0.1059130332735963)	(130, 0.1064408504739113)	(132, 0.10688641044820318)	(134, 0.10735938949783608)	(136, 0.10777753039678692)	(138, 0.10820938083340828)
M145_3_4_1 - polyg	(1, 0.0)	(2, 0.0)	(3, 0.0005209624314797308)	(4, 0.0011104725513120576)	(5, 0.0019467543492137306)	(6, 0.003783832397063307)	(7, 0.005785424896959115)	(8, 0.007732179246172846)	(9, 0.01191358823568121)	(10, 0.016067578149848535)	(12, 0.020070763149640153)	(14, 0.02331992357755321)	(16, 0.026843274758876653)	(18, 0.029310991539570112)	(20, 0.03398594388521717)	(22, 0.03848267224114747)	(24, 0.044028180228872504)	(26, 0.048230153524886646)	(28, 0.05247325543391235)	(30, 0.056682083498761755)	(32, 0.06019857991124994)	(34, 0.06315298527924683)	(36, 0.06659407923454716)	(38, 0.07043274978229254)	(40, 0.07432625848072)	(42, 0.07896693698219076)	(44, 0.08290842906246504)	(46, 0.08713782143382023)	(48, 0.0914700353377043)	(50, 0.0953224154231202)	(52, 0.09990140100507364)	(54, 0.10451466043120335)	(56, 0.10923759615869721)	(58, 0.11326134546499461)	(60, 0.11690808248535273)	(62, 0.12195319234810381)	(64, 0.12575073428283765)	(66, 0.12999383619186333)	(68, 0.1344288716282763)	(70, 0.1383840732462211)	(72, 0.14281225391379881)	(74, 0.14684971275776673)	(76, 0.15136700542020282)	(78, 0.15527422365630078)	(80, 0.15940079449512706)	(82, 0.16319148166102565)	(84, 0.16799667461454265)	(86, 0.17233574328726198)	(88, 0.17598933507645537)	(90, 0.17971147455400133)	(92, 0.18361183802126402)	(94, 0.187676715940573)	(96, 0.19122748619723748)	(98, 0.19534034749839324)	(100, 0.1998919140050056)	(102, 0.20436807805443014)	(104, 0.20893335409871305)	(106, 0.21361516121319538)	(108, 0.21840664462904186)	(110, 0.22368481663219175)	(112, 0.22926459846409308)	(114, 0.23427543448266785)	(116, 0.24089028640869337)	(118, 0.2461821679495138)	(120, 0.2509530870588545)	(122, 0.2561490018359813)	(124, 0.26187958858225835)	(126, 0.2673222750374544)	(128, 0.27250448027691077)	(130, 0.27840643624406924)	(132, 0.28453459958279137)	(134, 0.29084784168006544)	(136, 0.29653729981333093)	(138, 0.30277513945341716)
M145_3_4_2 - illumina_universal_adapter	(1, 0.0)	(2, 2.7419075341038458e-05)	(3, 6.854768835259615e-05)	(4, 0.0001370953767051923)	(5, 0.0002604812157398654)	(6, 0.0004935433561386923)	(7, 0.00053467196915025)	(8, 0.0005895101198323269)	(9, 0.0006717673458554422)	(10, 0.0008499913355721922)	(12, 0.0009870867122773845)	(14, 0.0012064393150056922)	(16, 0.0013846633047224421)	(18, 0.001686273133473865)	(20, 0.0020495758817426248)	(22, 0.002419733398846644)	(24, 0.002776181378280144)	(26, 0.003118919820043125)	(28, 0.0034616582618061057)	(30, 0.003893508698427461)	(32, 0.004483018818259788)	(34, 0.00514793139527997)	(36, 0.005826553509970673)	(38, 0.006464047011649817)	(40, 0.007060411900317403)	(42, 0.007567664794126615)	(44, 0.008253141677652577)	(46, 0.008952328098849056)	(48, 0.009576112062857682)	(50, 0.010268443715218904)	(52, 0.010988194442921161)	(54, 0.011769638090140758)	(56, 0.012509953124348796)	(58, 0.01352445891196722)	(60, 0.01460065761910298)	(62, 0.01563572771322718)	(64, 0.01660225011899879)	(66, 0.01778127035866344)	(68, 0.01887803337230498)	(70, 0.02015302037566327)	(72, 0.02168163382592616)	(74, 0.023354197421729506)	(76, 0.02531466130861376)	(78, 0.027467058722885275)	(80, 0.02954405367996894)	(82, 0.031991206154156626)	(84, 0.03468513030641365)	(86, 0.0377492119757747)	(88, 0.040943534253005676)	(90, 0.0448438977202684)	(92, 0.049381754689210265)	(94, 0.054543395622160755)	(96, 0.06001350115269793)	(98, 0.06653238631502982)	(100, 0.07307869055270275)	(102, 0.08033789074924269)	(104, 0.0890434471700224)	(106, 0.09837964232364599)	(108, 0.1083396214412782)	(110, 0.11972539247664443)	(112, 0.13137849949658578)	(114, 0.14390216215860507)	(116, 0.15631614851926023)	(118, 0.1709922085955511)	(120, 0.18760131348338513)	(122, 0.20528661707835494)	(124, 0.22384247631540272)	(126, 0.245263628925589)	(128, 0.2702355517924398)	(130, 0.2959889183065102)	(132, 0.32444306374167287)	(134, 0.35501533274693076)	(136, 0.3915032672570176)	(138, 0.43351614544832384)
M145_3_4_2 - polyg	(1, 0.18317313281580744)	(2, 0.19231739444204377)	(3, 0.19345528606869686)	(4, 0.19568994070899148)	(5, 0.19845926731843636)	(6, 0.2046833974208521)	(7, 0.21144219949241808)	(8, 0.21645989027982812)	(9, 0.22552189468004133)	(10, 0.23573550024457815)	(12, 0.24542128860879997)	(14, 0.25333169184468957)	(16, 0.2598437222381862)	(18, 0.26593075696389673)	(20, 0.2718464224687258)	(22, 0.27751531629548554)	(24, 0.28308824335855154)	(26, 0.2879482744627506)	(28, 0.2926300815772329)	(30, 0.29680463579790606)	(32, 0.30028000359738266)	(34, 0.3035497283318015)	(36, 0.3067714696843735)	(38, 0.3100069205746161)	(40, 0.31294761640494245)	(42, 0.31549759041165903)	(44, 0.31822578840809235)	(46, 0.32104309839938405)	(48, 0.3234285579540544)	(50, 0.3261156273374762)	(52, 0.32899463024828524)	(54, 0.33135952549644976)	(56, 0.33371756597577906)	(58, 0.3362058470629783)	(60, 0.33870783768784807)	(62, 0.34103845909183633)	(64, 0.34345133772184777)	(66, 0.34610413326109324)	(68, 0.34861297865479823)	(70, 0.3509436000587865)	(72, 0.35326736669393954)	(74, 0.35589959792667925)	(76, 0.358243928868338)	(78, 0.36076648379971354)	(80, 0.36313137904787807)	(82, 0.36566764351692416)	(84, 0.3682176175236407)	(86, 0.3704179983197591)	(88, 0.37258410527170105)	(90, 0.3748598885250073)	(92, 0.37700543117044355)	(94, 0.37934290734326703)	(96, 0.3817009478225964)	(98, 0.3842989052111598)	(100, 0.38676662199185324)	(102, 0.3892891769232288)	(104, 0.3920105201508268)	(106, 0.3949032325993064)	(108, 0.3978439284296328)	(110, 0.4009354291743349)	(112, 0.40413660622040115)	(114, 0.4068716589856697)	(116, 0.4099905788057128)	(118, 0.41273934110865196)	(120, 0.4152070578893454)	(122, 0.41811347987549546)	(124, 0.42113643293184494)	(126, 0.4240976930686771)	(128, 0.42694242213530986)	(130, 0.4298008607396131)	(132, 0.43288550671547993)	(134, 0.43616208621873404)	(136, 0.4395963254051991)	(138, 0.4431745147372046)
