Sample	0	1	2	3	4	5	6	7	8	9	10	11	12	13	14	15	16	17	18	19	20	21	22	23	24	25	26	27	28	29	30	31	32	33	34	35	36	37	38	39	40	41	42	43	44	45	46	47	48	49	50	51	52	53	54	55	56	57	58	59	60	61	62	63	64	65	66	67	68	69	70	71	72	73	74	75	76	77	78	79	80	81	82	83	84	85	86	87	88	89	90	91	92	93	94	95	96	97	98	99	100
M145_1_1_1	(0.0, 0.11991204325535287)	(1.0, 0.06819356608287717)	(2.0, 0.01068317371734193)	(3.0, 0.003200795238269761)	(4.0, 0.0011362130283035514)	(5.0, 0.0006373877963654069)	(6.0, 0.0004503283343886027)	(7.0, 0.00033255015462542974)	(8.0, 0.00028405325707588785)	(9.0, 0.00028405325707588785)	(10.0, 0.00028405325707588785)	(11.0, 0.00022862823130498293)	(12.0, 0.0002217001030836198)	(13.0, 0.00023555635952634605)	(14.0, 0.0002563407441904354)	(15.0, 0.0003671907957322453)	(16.0, 0.0003949033086176978)	(17.0, 0.0003671907957322453)	(18.0, 0.0004364720779458765)	(19.0, 0.0005126814883808708)	(20.0, 0.0005126814883808708)	(21.0, 0.0005265377448235971)	(22.0, 0.0005403940012663232)	(23.0, 0.0005265377448235971)	(24.0, 0.0005126814883808708)	(25.0, 0.0006997409503576751)	(26.0, 0.0009214410534412947)	(27.0, 0.0008937285405558424)	(28.0, 0.0009630098227694736)	(29.0, 0.0012609193362880878)	(30.0, 0.0014271944136008024)	(31.0, 0.001628110132020333)	(32.0, 0.0018290258504398635)	(33.0, 0.0019468040302030364)	(34.0, 0.002320922954156645)	(35.0, 0.0025911199547898065)	(36.0, 0.0028959575965297837)	(37.0, 0.003200795238269761)	(38.0, 0.0034779203671242856)	(39.0, 0.0036719079573224525)	(40.0, 0.0038243267781924413)	(41.0, 0.004503283343886028)	(42.0, 0.0056325682439682155)	(43.0, 0.00646394363053179)	(44.0, 0.0067410687593863145)	(45.0, 0.007226037734881733)	(46.0, 0.008722513430696166)	(47.0, 0.011251280231493705)	(48.0, 0.013745406391184429)	(49.0, 0.020424121996578472)	(50.0, 0.02972167006964778)	(51.0, 0.03929634327157161)	(52.0, 0.049626182449624016)	(53.0, 0.07038978272904929)	(54.0, 0.11617778214403814)	(55.0, 0.2138505338088154)	(56.0, 0.29431381497172665)	(57.0, 0.400383458040796)	(58.0, 0.6818594514183368)	(59.0, 1.162858609442914)	(60.0, 2.3854307560257566)	(61.0, 3.6915007039324683)	(62.0, 3.927548960562531)	(63.0, 4.555202736776923)	(64.0, 5.176863682079835)	(65.0, 5.071119661037169)	(66.0, 5.344157194241091)	(67.0, 5.872205271016945)	(68.0, 6.291024478254788)	(69.0, 6.2504256468776)	(70.0, 6.049447575304077)	(71.0, 5.993800849430088)	(72.0, 5.94501297049525)	(73.0, 5.552465225472815)	(74.0, 4.77181066561784)	(75.0, 4.0615458884919144)	(76.0, 3.4458708459722596)	(77.0, 2.839950607988284)	(78.0, 2.313128809907611)	(79.0, 1.8404364776204485)	(80.0, 1.4224001488716191)	(81.0, 1.0729453613860636)	(82.0, 0.8035589517548014)	(83.0, 0.5964841273464792)	(84.0, 0.428296886644668)	(85.0, 0.3014151463986238)	(86.0, 0.21468883732360033)	(87.0, 0.1537351652320476)	(88.0, 0.09260136180673945)	(89.0, 0.04815741926669504)	(90.0, 0.03110036758569904)	(91.0, 0.02174739448685883)	(92.0, 0.012810109081300407)	(93.0, 0.006955840734248571)	(94.0, 0.003983673727283793)	(95.0, 0.0033047171615902078)	(96.0, 0.003741189239536084)	(97.0, 0.004226158215031503)	(98.0, 0.004711127190526921)	(99.0, 0.004288511369023771)	(100.0, 0.0021200072357371144)
M145_1_1_2	(0.0, 0.042793261108665895)	(1.0, 0.03506689273345458)	(2.0, 0.03294456892482382)	(3.0, 0.030870795007240173)	(4.0, 0.01594517135961473)	(5.0, 0.005513880483207356)	(6.0, 0.0014773038275763103)	(7.0, 0.0004716275130290568)	(8.0, 0.000256620852677575)	(9.0, 0.0002358137565145284)	(10.0, 0.00020807096163046626)	(11.0, 0.00012484257697827975)	(12.0, 0.00013177827569929527)	(13.0, 0.00015952107058335747)	(14.0, 0.0002011352629094507)	(15.0, 0.0002011352629094507)	(16.0, 0.0001179068782572642)	(17.0, 0.00011097117953624868)	(18.0, 0.00010403548081523313)	(19.0, 0.00013177827569929527)	(20.0, 0.00020807096163046626)	(21.0, 0.00019419956418843516)	(22.0, 0.00013177827569929527)	(23.0, 7.629268593117096e-05)	(24.0, 0.00013177827569929527)	(25.0, 0.0002011352629094507)	(26.0, 0.0001872638654674196)	(27.0, 0.0002496851539565595)	(28.0, 0.0003537206347717926)	(29.0, 0.00028436364756163717)	(30.0, 0.00029129934628265274)	(31.0, 0.0004438847181449947)	(32.0, 0.00051324170535515)	(33.0, 0.0005340488015181967)	(34.0, 0.000589534391286321)	(35.0, 0.000665827077217492)	(36.0, 0.0008253481478008495)	(37.0, 0.0009501907247791291)	(38.0, 0.0009432550260581136)	(39.0, 0.001116647494083502)	(40.0, 0.0013385898531559995)	(41.0, 0.0015327894173444347)	(42.0, 0.002025224026536538)	(43.0, 0.002330394770261222)	(44.0, 0.0026563726101489524)	(45.0, 0.0033984923732976154)	(46.0, 0.0043209403031926824)	(47.0, 0.006165836162982816)	(48.0, 0.008357516958823728)	(49.0, 0.014460931833317406)	(50.0, 0.023844932202851433)	(51.0, 0.03019803223130167)	(52.0, 0.04112869341562216)	(53.0, 0.07634817152093909)	(54.0, 0.18933763938500325)	(55.0, 0.5922947993772852)	(56.0, 1.645404357477564)	(57.0, 2.631202959490387)	(58.0, 2.6021354461506108)	(59.0, 1.8692679050957828)	(60.0, 1.6704075513668253)	(61.0, 2.276858111833703)	(62.0, 2.91758489537984)	(63.0, 3.4712547885797895)	(64.0, 4.182573113708423)	(65.0, 4.91182022003088)	(66.0, 5.521128288370817)	(67.0, 6.0182236871034425)	(68.0, 6.308725428033178)	(69.0, 6.28360432726566)	(70.0, 6.181129378662656)	(71.0, 6.032518162167456)	(72.0, 5.6365105722936315)	(73.0, 5.1142802013960456)	(74.0, 4.586036579707339)	(75.0, 4.134793085219346)	(76.0, 3.398416080611684)	(77.0, 2.627103961546267)	(78.0, 2.1222544516435455)	(79.0, 1.6998565281362572)	(80.0, 1.3277840345486573)	(81.0, 1.001362309942782)	(82.0, 0.7428133330207645)	(83.0, 0.5442304072406475)	(84.0, 0.40206939055599195)	(85.0, 0.2947949384380446)	(86.0, 0.1997897373575737)	(87.0, 0.1327770163151215)	(88.0, 0.08109912514483474)	(89.0, 0.04209969123656433)	(90.0, 0.02543320720996399)	(91.0, 0.01865009386081079)	(92.0, 0.013420577025165074)	(93.0, 0.009751592401747852)	(94.0, 0.007733304073932329)	(95.0, 0.007608461496954049)	(96.0, 0.00819799588824037)	(97.0, 0.009592071331164494)	(98.0, 0.012477321999106958)	(99.0, 0.017838617110451975)	(100.0, 0.08168865953612105)
M145_1_2_1	(0.0, 0.08779685692212494)	(1.0, 0.050397846832416174)	(2.0, 0.008476233611125721)	(3.0, 0.0027208564001289966)	(4.0, 0.0010285274863758404)	(5.0, 0.0004887329190580234)	(6.0, 0.0003282534530986725)	(7.0, 0.000306369889558761)	(8.0, 0.000364726058998525)	(9.0, 0.00029178084719881994)	(10.0, 0.0002553082412989675)	(11.0, 0.0003136644107387315)	(12.0, 0.0004303767496182595)	(13.0, 0.000423082228438289)	(14.0, 0.00038660962253843643)	(15.0, 0.0004887329190580234)	(16.0, 0.0004595548343381415)	(17.0, 0.0005470890884977875)	(18.0, 0.000612739779117522)	(19.0, 0.0006200343002974925)	(20.0, 0.0007221575968170794)	(21.0, 0.0007513356815369614)	(22.0, 0.0008753425415964599)	(23.0, 0.000962876795756106)	(24.0, 0.0009409932322161945)	(25.0, 0.0011306507828954275)	(26.0, 0.001225479558235044)	(27.0, 0.0013640754606544835)	(28.0, 0.0017360960408329788)	(29.0, 0.0021154111421914446)	(30.0, 0.002450959116470088)	(31.0, 0.002392602947030324)	(32.0, 0.0025822604977095566)	(33.0, 0.003143938628567285)	(34.0, 0.0033554797427864298)	(35.0, 0.0036107879840853972)	(36.0, 0.004055753776063598)	(37.0, 0.004624726428101297)	(38.0, 0.004697671639901002)	(39.0, 0.00510616482597935)	(40.0, 0.00613469231235519)	(41.0, 0.006543185498433538)	(42.0, 0.006842260866812329)	(43.0, 0.0075352403789095265)	(44.0, 0.008417877441685958)	(45.0, 0.009278630940922475)	(46.0, 0.010132089918979023)	(47.0, 0.011780651705652356)	(48.0, 0.014698460177640559)	(49.0, 0.02057784424869678)	(50.0, 0.027266920170729726)	(51.0, 0.03472192081665958)	(52.0, 0.04514579158283742)	(53.0, 0.06470969738751829)	(54.0, 0.10571220094013248)	(55.0, 0.19649981154604532)	(56.0, 0.2762945787337426)	(57.0, 0.3821599646186545)	(58.0, 0.6605407764098686)	(59.0, 1.1372596190844808)	(60.0, 2.344780066174437)	(61.0, 3.6621341186712097)	(62.0, 3.9383411631507923)	(63.0, 4.576465875974612)	(64.0, 5.194202402100414)	(65.0, 5.105552086200232)	(66.0, 5.400666529578299)	(67.0, 5.922625992611088)	(68.0, 6.326618459121394)	(69.0, 6.277365852114233)	(70.0, 6.078196245816319)	(71.0, 6.03561812568883)	(72.0, 5.978531202934382)	(73.0, 5.570840414185831)	(74.0, 4.76494900874387)	(75.0, 4.054396995124123)	(76.0, 3.442911873649556)	(77.0, 2.816195791951211)	(78.0, 2.2927336575553476)	(79.0, 1.8269857747354112)	(80.0, 1.406215909511173)	(81.0, 1.054313618747036)	(82.0, 0.7871298969670766)	(83.0, 0.5864357357425483)	(84.0, 0.4226445571674908)	(85.0, 0.300184135598146)	(86.0, 0.2134668678106567)	(87.0, 0.15356425988073896)	(88.0, 0.0943838095476383)	(89.0, 0.047261202725028865)	(90.0, 0.02992942040141896)	(91.0, 0.020672673024036397)	(92.0, 0.011890069523351914)	(93.0, 0.006579658104333391)	(94.0, 0.003676438674705132)	(95.0, 0.002429075552930176)	(96.0, 0.002421781031750206)	(97.0, 0.002655205709509262)	(98.0, 0.003122055065027374)	(99.0, 0.0028010961331086715)	(100.0, 0.0012765412064948375)
M145_1_2_2	(0.0, 0.031513347465176145)	(1.0, 0.025869274807488202)	(2.0, 0.02456960477764544)	(3.0, 0.02297057254991755)	(4.0, 0.011843060609016614)	(5.0, 0.004096151049111172)	(6.0, 0.001066021485151927)	(7.0, 0.00045999557236007816)	(8.0, 0.00033586978299307286)	(9.0, 0.00029206068086354167)	(10.0, 0.0002336485446908333)	(11.0, 0.000175236408518125)	(12.0, 0.00010222123830223958)	(13.0, 8.031668723747395e-05)	(14.0, 8.031668723747395e-05)	(15.0, 9.491972128065104e-05)	(16.0, 9.491972128065104e-05)	(17.0, 0.00010222123830223958)	(18.0, 0.00014603034043177084)	(19.0, 0.00015333185745335939)	(20.0, 0.00010222123830223958)	(21.0, 0.0001606333744749479)	(22.0, 0.000175236408518125)	(23.0, 0.00010222123830223958)	(24.0, 0.00013142730638859374)	(25.0, 0.00014603034043177084)	(26.0, 0.00020444247660447915)	(27.0, 0.00021174399362606773)	(28.0, 0.0002336485446908333)	(29.0, 0.00030666371490671877)	(30.0, 0.000270156129798776)	(31.0, 0.00030666371490671877)	(32.0, 0.00043809102129531245)	(33.0, 0.0004892016404464323)	(34.0, 0.0005841213617270833)	(35.0, 0.0007374532191804427)	(36.0, 0.0007374532191804427)	(37.0, 0.0006206289468350261)	(38.0, 0.0008104683893963281)	(39.0, 0.0009638002468496875)	(40.0, 0.0011025290702598696)	(41.0, 0.0014603034043177083)	(42.0, 0.0017231580170948956)	(43.0, 0.0020663293171095574)	(44.0, 0.002519023372448047)	(45.0, 0.003409808449081849)	(46.0, 0.004446623866147421)	(47.0, 0.005687881759817473)	(48.0, 0.007980558104596275)	(49.0, 0.012887177543103777)	(50.0, 0.020750911375354637)	(51.0, 0.027132437252223023)	(52.0, 0.03618631835899281)	(53.0, 0.06759014306884513)	(54.0, 0.17870462910337953)	(55.0, 0.574651294150083)	(56.0, 1.6093054621772658)	(57.0, 2.585970982018992)	(58.0, 2.5602842451370433)	(59.0, 1.8488390295874995)	(60.0, 1.677815596390831)	(61.0, 2.2912817550276783)	(62.0, 2.930763218812446)	(63.0, 3.491694962478965)	(64.0, 4.210514710220313)	(65.0, 4.948741890205044)	(66.0, 5.569538771931567)	(67.0, 6.070335221408282)	(68.0, 6.354006459214018)	(69.0, 6.3180683924337595)	(70.0, 6.213693206610151)	(71.0, 6.056922334639624)	(72.0, 5.649132608983903)	(73.0, 5.127453820825445)	(74.0, 4.58717076729598)	(75.0, 4.126744405431627)	(76.0, 3.392314014298123)	(77.0, 2.610818044443458)	(78.0, 2.105392433175056)	(79.0, 1.6867964623273848)	(80.0, 1.3161495537604857)	(81.0, 0.9887787365805419)	(82.0, 0.728698700271558)	(83.0, 0.5341059701292018)	(84.0, 0.3962095196594806)	(85.0, 0.29244766126568583)	(86.0, 0.19757905060418593)	(87.0, 0.13067525013537012)	(88.0, 0.08071827067366133)	(89.0, 0.04208594411243635)	(90.0, 0.024635318430839735)	(91.0, 0.017260786239035313)	(92.0, 0.011850362126038204)	(93.0, 0.008170397547157577)	(94.0, 0.006206289468350261)	(95.0, 0.005534549902364114)	(96.0, 0.005680580242795885)	(97.0, 0.0067319986939046355)	(98.0, 0.009272926617417448)	(99.0, 0.01547191456874612)	(100.0, 0.07782686993311226)
M145_1_3_1	(0.0, 0.10221373971499416)	(1.0, 0.05887135490152137)	(2.0, 0.010265007244801571)	(3.0, 0.0032669014882638243)	(4.0, 0.001208306029905798)	(5.0, 0.0007160332029071396)	(6.0, 0.0004866788176009464)	(7.0, 0.00037479862964670584)	(8.0, 0.0003692046202489938)	(9.0, 0.0003300465544650096)	(10.0, 0.00029648249807873747)	(11.0, 0.0003468285826581457)	(12.0, 0.00033564056386272166)	(13.0, 0.0003580166014535698)	(14.0, 0.00035242259205585776)	(15.0, 0.0003412345732604337)	(16.0, 0.0003859866484421299)	(17.0, 0.0004475207518169622)	(18.0, 0.0005034608457940825)	(19.0, 0.00048108480820323443)	(20.0, 0.0005258368833849305)	(21.0, 0.0006321230619414591)	(22.0, 0.000598559005555187)	(23.0, 0.0007160332029071396)	(24.0, 0.0008167253720659561)	(25.0, 0.0008670714566453643)	(26.0, 0.0011691479641218138)	(27.0, 0.0012642461238829181)	(28.0, 0.0014432544246097032)	(29.0, 0.001605480697143352)	(30.0, 0.0015439465937685196)	(31.0, 0.001790083007267849)	(32.0, 0.0021592876275168425)	(33.0, 0.002405424041016172)	(34.0, 0.002797004698856014)	(35.0, 0.003059923140548479)	(36.0, 0.0034347217701951854)	(37.0, 0.003988528700568676)	(38.0, 0.004111596907318341)	(39.0, 0.004637433790703271)	(40.0, 0.005347872984212698)	(41.0, 0.005610791425905164)	(42.0, 0.006433110807368832)	(43.0, 0.00719949009485538)	(44.0, 0.007965869382341928)	(45.0, 0.008838534848385005)	(46.0, 0.01014753304744962)	(47.0, 0.012530581050874942)	(48.0, 0.014617146556221528)	(49.0, 0.020647488686955096)	(50.0, 0.028982562689546014)	(51.0, 0.037664465274795084)	(52.0, 0.047649772049711055)	(53.0, 0.06843151696221124)	(54.0, 0.11128162894868537)	(55.0, 0.20782304313439956)	(56.0, 0.29191219240080674)	(57.0, 0.3970515990308043)	(58.0, 0.6840242811334313)	(59.0, 1.169998253550266)	(60.0, 2.4139940634134667)	(61.0, 3.782322326150215)	(62.0, 4.02968942171704)	(63.0, 4.624265492581057)	(64.0, 5.213314682160133)	(65.0, 5.101132417698417)	(66.0, 5.3778736566126275)	(67.0, 5.890262541405459)	(68.0, 6.31697917227233)	(69.0, 6.238920365136657)	(70.0, 6.006791351169198)	(71.0, 5.967577345291237)	(72.0, 5.932670726649514)	(73.0, 5.5388916231163705)	(74.0, 4.742824927756165)	(75.0, 4.033588446267246)	(76.0, 3.413861709151117)	(77.0, 2.8039133004621886)	(78.0, 2.2836312684091857)	(79.0, 1.8104731715225093)	(80.0, 1.390184057453609)	(81.0, 1.044591750872358)	(82.0, 0.7828480511534119)	(83.0, 0.5811280722719162)	(84.0, 0.4196737730351518)	(85.0, 0.29833411518938013)	(86.0, 0.21080465014338004)	(87.0, 0.15279477268910632)	(88.0, 0.09353183712974511)	(89.0, 0.04747635775838198)	(90.0, 0.03012374060667927)	(91.0, 0.020625112649364244)	(92.0, 0.012206128505807646)	(93.0, 0.007205084104253093)	(94.0, 0.003837490446830451)	(95.0, 0.002651560454515501)	(96.0, 0.002824974745844574)	(97.0, 0.003076705168741615)	(98.0, 0.003378781676218065)	(99.0, 0.002836162764639998)	(100.0, 0.00121390003930351)
M145_1_3_2	(0.0, 0.03878677042958448)	(1.0, 0.031892962402033445)	(2.0, 0.028437658134771875)	(3.0, 0.025542370766580252)	(4.0, 0.013384403887771717)	(5.0, 0.004732142797141047)	(6.0, 0.0013384403887771717)	(7.0, 0.0006328190959490394)	(8.0, 0.0004200126743024598)	(9.0, 0.0002912087875163721)	(10.0, 0.00021840659063727908)	(11.0, 0.0002016060836651807)	(12.0, 0.0001848055766930823)	(13.0, 0.00043121301228385867)	(14.0, 0.0008400253486049196)	(15.0, 0.0012824386988701771)	(16.0, 0.002441673679944966)	(17.0, 0.004211327081005997)	(18.0, 0.006557797888109071)	(19.0, 0.009469885763272793)	(20.0, 0.011833157077347965)	(21.0, 0.01272358394686918)	(22.0, 0.011939560288171256)	(23.0, 0.00949788660822629)	(24.0, 0.006692201943885858)	(25.0, 0.004345731136782783)	(26.0, 0.002408072666000769)	(27.0, 0.0011928359950189856)	(28.0, 0.0005880177440234436)	(29.0, 0.0004032121673303614)	(30.0, 0.00043681318127455817)	(31.0, 0.00044801351925595706)	(32.0, 0.00045361368824665656)	(33.0, 0.0005432163920978479)	(34.0, 0.0005152155471443506)	(35.0, 0.000677620447874635)	(36.0, 0.0008960270385119141)	(37.0, 0.0008680261935584167)	(38.0, 0.0009240278834654115)	(39.0, 0.00114803464309339)	(40.0, 0.0013384403887771717)	(41.0, 0.001713651711154036)	(42.0, 0.0021056635405029985)	(43.0, 0.002559277228749655)	(44.0, 0.0031192941278196007)	(45.0, 0.0038025147446849356)	(46.0, 0.004860946683927134)	(47.0, 0.006378592480406689)	(48.0, 0.008523457203844583)	(49.0, 0.013692413182260187)	(50.0, 0.021622252473090627)	(51.0, 0.02835365559991138)	(52.0, 0.03903317786517526)	(53.0, 0.07285259840000932)	(54.0, 0.1879696721728275)	(55.0, 0.5883313534869228)	(56.0, 1.6749657437662837)	(57.0, 2.7080681186635487)	(58.0, 2.6688669357286523)	(59.0, 1.8977796673992433)	(60.0, 1.6851300504844033)	(61.0, 2.29927258284946)	(62.0, 2.941768770814428)	(63.0, 3.497955154294736)	(64.0, 4.2031956356315)	(65.0, 4.929823162343746)	(66.0, 5.535089426858545)	(67.0, 6.019784053003583)	(68.0, 6.296516403678998)	(69.0, 6.257953640009041)	(70.0, 6.167068497458979)	(71.0, 6.021172894913277)	(72.0, 5.615087840890687)	(73.0, 5.094563333543153)	(74.0, 4.560312811999415)	(75.0, 4.105685493165442)	(76.0, 3.3732337907028684)	(77.0, 2.590570973069683)	(78.0, 2.085486131629508)	(79.0, 1.6698135882948404)	(80.0, 1.302100892196523)	(81.0, 0.9835520796675561)	(82.0, 0.7237378395130452)	(83.0, 0.5283647439345129)	(84.0, 0.3910598006205435)	(85.0, 0.28602863119997507)	(86.0, 0.1951042874669786)	(87.0, 0.13186157905500956)	(88.0, 0.08126965239303062)	(89.0, 0.04219727334492046)	(90.0, 0.024763947276873026)	(91.0, 0.018183748712801158)	(92.0, 0.013177197635115838)	(93.0, 0.009128275454840126)	(94.0, 0.006753803802783552)	(95.0, 0.006602599240034668)	(96.0, 0.007330621208825598)	(97.0, 0.008618660076686473)	(98.0, 0.010819526490031362)	(99.0, 0.015848478243679482)	(100.0, 0.08824186278645145)
M145_2_1_1	(0.0, 0.08130654729896014)	(1.0, 0.046979319646643064)	(2.0, 0.008474389726607065)	(3.0, 0.0030076812212216962)	(4.0, 0.001150190181302363)	(5.0, 0.0007535728774049964)	(6.0, 0.000641197974634076)	(7.0, 0.00042305845749052433)	(8.0, 0.0004891613414734188)	(9.0, 0.0005089922066682871)	(10.0, 0.0004825510530751293)	(11.0, 0.0004362790342871032)	(12.0, 0.0004428893226853927)	(13.0, 0.0004428893226853927)	(14.0, 0.0005089922066682871)	(15.0, 0.0005750950906511815)	(16.0, 0.0005883156674477604)	(17.0, 0.0006345876862357864)	(18.0, 0.0006544185514306548)	(19.0, 0.0007006905702186809)	(20.0, 0.0007998448961930224)	(21.0, 0.0009518815293536797)	(22.0, 0.0009783226829468375)	(23.0, 0.0008725580685742064)	(24.0, 0.000912219798963943)	(25.0, 0.000971712394548548)	(26.0, 0.001031204990133153)	(27.0, 0.0013088371028613095)	(28.0, 0.001374939986844204)	(29.0, 0.0012295136420818363)	(30.0, 0.0012956165260647307)	(31.0, 0.0013683296984459145)	(32.0, 0.0015071457548099928)	(33.0, 0.0015930795039877555)	(34.0, 0.0017186749835552551)	(35.0, 0.0017451161371484128)	(36.0, 0.001612910369182624)	(37.0, 0.001850880751521044)	(38.0, 0.002201226036630384)	(39.0, 0.002273939209011568)	(40.0, 0.00249207872615512)	(41.0, 0.003245651603560116)	(42.0, 0.003523283716288273)	(43.0, 0.003523283716288273)	(44.0, 0.003774474675423272)	(45.0, 0.004534657841226557)	(46.0, 0.005909597828070762)	(47.0, 0.007152332046949176)	(48.0, 0.008699139532148906)	(49.0, 0.01420550976792401)	(50.0, 0.022613796610548183)	(51.0, 0.03219871478806788)	(52.0, 0.047468480988116485)	(53.0, 0.07548288322006715)	(54.0, 0.12320916545571692)	(55.0, 0.25810532079960957)	(56.0, 0.34740370677210164)	(57.0, 0.4189336375299917)	(58.0, 0.6878335592840079)	(59.0, 1.1997078516939492)	(60.0, 3.2683579442082404)	(61.0, 5.228209299975086)	(62.0, 4.80658527506699)	(63.0, 5.411215134281729)	(64.0, 5.658248222014204)	(65.0, 4.2595640792433445)	(66.0, 3.9741450467820023)	(67.0, 4.35877789781327)	(68.0, 4.826554956318223)	(69.0, 5.1385870098710775)	(70.0, 5.371143566011298)	(71.0, 5.688159777016463)	(72.0, 6.09258383151221)	(73.0, 5.9784439817389465)	(74.0, 5.189201988136779)	(75.0, 4.428688307913579)	(76.0, 3.775902497717302)	(77.0, 3.106511643064522)	(78.0, 2.5664114191938845)	(79.0, 2.085770739465861)	(80.0, 1.5977265367317532)	(81.0, 1.1784028921862624)	(82.0, 0.863323495681796)	(83.0, 0.6092570610935414)	(84.0, 0.4094148222364549)	(85.0, 0.26243505970048914)	(86.0, 0.16035898625410358)	(87.0, 0.09987484740975519)	(88.0, 0.06240773276825062)	(89.0, 0.035609623601585226)	(90.0, 0.020346467689934904)	(91.0, 0.013114812182206254)	(92.0, 0.008282691363056672)	(93.0, 0.0046073710136077415)	(94.0, 0.002452416995765383)	(95.0, 0.0017979984443347284)	(96.0, 0.0018376601747244648)	(97.0, 0.0023400420929944625)	(98.0, 0.0028027622808747235)	(99.0, 0.00249207872615512)	(100.0, 0.0012361239304801259)
M145_2_1_2	(0.0, 0.027032875906992354)	(1.0, 0.022977282923393155)	(2.0, 0.023711656204273273)	(3.0, 0.023063290604937677)	(4.0, 0.012034459440729096)	(5.0, 0.004095288836619742)	(6.0, 0.0011577957130992809)	(7.0, 0.0004631182852397124)	(8.0, 0.0002844869466472519)	(9.0, 0.00017863133859246047)	(10.0, 0.0001389354855719137)	(11.0, 0.00013231951006848923)	(12.0, 0.0001389354855719137)	(13.0, 0.0004234224322191656)	(14.0, 0.0010850199825616117)	(15.0, 0.001832625214448576)	(16.0, 0.0026927020298937562)	(17.0, 0.0038571137184964617)	(18.0, 0.005967609904088864)	(19.0, 0.008938182905126447)	(20.0, 0.010750960193064752)	(21.0, 0.01204107541623252)	(22.0, 0.011511797375958564)	(23.0, 0.009123430219222333)	(24.0, 0.007330500857794304)	(25.0, 0.005127381015153958)	(26.0, 0.0030433487315752526)	(27.0, 0.0016936897288766623)	(28.0, 0.0010916359580650362)	(29.0, 0.0008799247419554535)	(30.0, 0.0008336129134314821)	(31.0, 0.0008203809624246334)	(32.0, 0.0007343732808801153)	(33.0, 0.0007608371828938132)	(34.0, 0.0008005330359143599)	(35.0, 0.0008468448644383312)	(36.0, 0.0009063886439691513)	(37.0, 0.0009196205949760002)	(38.0, 0.001118099860078734)	(39.0, 0.0011710276641061297)	(40.0, 0.0012504193701472232)	(41.0, 0.0016142980228355688)	(42.0, 0.001832625214448576)	(43.0, 0.0022957434996882884)	(44.0, 0.0031690522661403176)	(45.0, 0.003863729693999886)	(46.0, 0.004419471636287541)	(47.0, 0.005603731251400519)	(48.0, 0.008117801942701815)	(49.0, 0.015560774384054335)	(50.0, 0.02690055639692386)	(51.0, 0.03464124773593048)	(52.0, 0.046047189503834254)	(53.0, 0.07986144030183669)	(54.0, 0.18188639854014532)	(55.0, 0.8534740718927625)	(56.0, 2.9145687684010952)	(57.0, 4.822966750290392)	(58.0, 4.585446613741951)	(59.0, 2.5570546841470443)	(60.0, 1.4995439277286713)	(61.0, 1.979532950502116)	(62.0, 2.418231670158689)	(63.0, 2.8329871744683683)	(64.0, 3.2915536685617246)	(65.0, 3.837689214418407)	(66.0, 4.421906315272801)	(67.0, 4.899004156751249)	(68.0, 5.163947511761386)	(69.0, 5.340289722829661)	(70.0, 5.544061768335133)	(71.0, 5.662414954115894)	(72.0, 5.624803133378927)	(73.0, 5.360197193119465)	(74.0, 4.964508930210655)	(75.0, 4.574953676593519)	(76.0, 3.779680341204381)	(77.0, 2.9306455888744165)	(78.0, 2.392482293499361)	(79.0, 1.9371907072801995)	(80.0, 1.5008340429518392)	(81.0, 1.1145007694048712)	(82.0, 0.8238675815149379)	(83.0, 0.5848059226741985)	(84.0, 0.38669053622415295)	(85.0, 0.2540468433559959)	(86.0, 0.16340136298357738)	(87.0, 0.10015263717083951)	(88.0, 0.060000281840556446)	(89.0, 0.03489927078056404)	(90.0, 0.01967591114718435)	(91.0, 0.013463510149468779)	(92.0, 0.00910358229271206)	(93.0, 0.006569663674900491)	(94.0, 0.005279548451732721)	(95.0, 0.004961981627568347)	(96.0, 0.005425099912808058)	(97.0, 0.006589511601410764)	(98.0, 0.008415520840355916)	(99.0, 0.012537273578989356)	(100.0, 0.06686766441311104)
M145_2_3_1	(0.0, 0.09130280077916106)	(1.0, 0.05390552804298779)	(2.0, 0.011212750033070108)	(3.0, 0.0038519262382567167)	(4.0, 0.0013220897107189102)	(5.0, 0.000750375241218841)	(6.0, 0.000643178778187578)	(7.0, 0.0005431287460250658)	(8.0, 0.00044307871386255367)	(9.0, 0.0004573715756000554)	(10.0, 0.000428785852125052)	(11.0, 0.00040020012865004854)	(12.0, 0.00044307871386255367)	(13.0, 0.0004931037299438098)	(14.0, 0.0005073965916813115)	(15.0, 0.00045022514473130453)	(16.0, 0.0005073965916813115)	(17.0, 0.0006003001929750728)	(18.0, 0.0006860573634000831)	(19.0, 0.0009504753055438653)	(20.0, 0.0009933538907563703)	(21.0, 0.0009147431512001108)	(22.0, 0.0008861574277251073)	(23.0, 0.000964768167281367)	(24.0, 0.001172014662475142)	(25.0, 0.001172014662475142)	(26.0, 0.0010219396142313738)	(27.0, 0.0010005003216251214)	(28.0, 0.0012291861094251488)	(29.0, 0.0013578218650626645)	(30.0, 0.0012077468168188964)	(31.0, 0.0011577218007376403)	(32.0, 0.0013506754341939136)	(33.0, 0.001393554019406419)	(34.0, 0.0014864576207001801)	(35.0, 0.0016150933763376956)	(36.0, 0.0017723148554502147)	(37.0, 0.002086757813675253)	(38.0, 0.002186807845837765)	(39.0, 0.0020724649519377513)	(40.0, 0.0021796614149690143)	(41.0, 0.0027942544696815887)	(42.0, 0.0032230403218066407)	(43.0, 0.0033087974922316513)	(44.0, 0.0033874082317879102)	(45.0, 0.004237833505169263)	(46.0, 0.005209748103319381)	(47.0, 0.005981562637144475)	(48.0, 0.0077395846308571875)	(49.0, 0.014886015499608054)	(50.0, 0.02787822681899713)	(51.0, 0.04404345344411159)	(52.0, 0.06167369839731998)	(53.0, 0.09375402656714261)	(54.0, 0.14946760161992437)	(55.0, 0.2925177083197104)	(56.0, 0.38980921816688474)	(57.0, 0.46781251109930044)	(58.0, 0.7388266089349396)	(59.0, 1.2130709078161157)	(60.0, 3.4323592819523534)	(61.0, 5.526034840708557)	(62.0, 5.050597087872299)	(63.0, 5.625756137051107)	(64.0, 5.812821111471529)	(65.0, 4.396119802481226)	(66.0, 4.033088260779551)	(67.0, 4.334510421961725)	(68.0, 4.783199084056249)	(69.0, 5.04390088214828)	(70.0, 5.22406240434949)	(71.0, 5.53614704038784)	(72.0, 6.006739513095084)	(73.0, 5.913207025884873)	(74.0, 5.065061463950651)	(75.0, 4.275595245879743)	(76.0, 3.639934512966091)	(77.0, 2.9950763235243567)	(78.0, 2.4701352440602617)	(79.0, 1.998892446143961)	(80.0, 1.5298507489352353)	(81.0, 1.12442657932013)	(82.0, 0.8185164595523804)	(83.0, 0.5784035287932201)	(84.0, 0.3895805323790847)	(85.0, 0.24875296567948013)	(86.0, 0.1539412673437624)	(87.0, 0.09786322431667435)	(88.0, 0.06196670206293876)	(89.0, 0.035889375822866845)	(90.0, 0.02179661414969014)	(91.0, 0.01492174765395181)	(92.0, 0.009154577942869859)	(93.0, 0.004973915884650603)	(94.0, 0.0027370830227315818)	(95.0, 0.0022011007075752667)	(96.0, 0.002501250804062803)	(97.0, 0.002994354534006613)	(98.0, 0.0033087974922316513)	(99.0, 0.0028299866240253427)	(100.0, 0.0014078468811439206)
M145_2_3_2	(0.0, 0.03422575707138553)	(1.0, 0.028981718623784024)	(2.0, 0.02704292678299275)	(3.0, 0.024581877361471712)	(4.0, 0.012949126316724041)	(5.0, 0.004285373847357846)	(6.0, 0.0010158983077208916)	(7.0, 0.0005508744344683707)	(8.0, 0.0004507154463832125)	(9.0, 0.0002790143239515125)	(10.0, 0.0002289348299089333)	(11.0, 0.00025039747021289577)	(12.0, 0.00031478539112478327)	(13.0, 0.0007869634778119583)	(14.0, 0.0015953895959278789)	(15.0, 0.0023108109393932953)	(16.0, 0.002983307002250787)	(17.0, 0.004542925531005395)	(18.0, 0.006846582256964036)	(19.0, 0.008828299378363241)	(20.0, 0.010616852737026783)	(21.0, 0.012791733621161648)	(22.0, 0.012548490364383406)	(23.0, 0.00960095442930589)	(24.0, 0.007261526636173977)	(25.0, 0.004950715696780683)	(26.0, 0.0029976154291200957)	(27.0, 0.0018529412795754289)	(28.0, 0.0010588235883288166)	(29.0, 0.0007726550509426499)	(30.0, 0.000736883983769379)	(31.0, 0.0007082671300307625)	(32.0, 0.000736883983769379)	(33.0, 0.0008370429718545374)	(34.0, 0.000779809264377304)	(35.0, 0.0008227345449852291)	(36.0, 0.0009801272405476208)	(37.0, 0.0010302067345901997)	(38.0, 0.00111605729580605)	(39.0, 0.0012734499913684416)	(40.0, 0.0016669317302744205)	(41.0, 0.002067567682615054)	(42.0, 0.0022750398722200245)	(43.0, 0.002532591555867575)	(44.0, 0.0030763117769012915)	(45.0, 0.003920508962190483)	(46.0, 0.004907790416172757)	(47.0, 0.006116852486629312)	(48.0, 0.008871224658971165)	(49.0, 0.02068998525301985)	(50.0, 0.03800318176488293)	(51.0, 0.04848410444665128)	(52.0, 0.06269952654130911)	(53.0, 0.10318522036801704)	(54.0, 0.2160930167937291)	(55.0, 0.9192448842187136)	(56.0, 3.1420160730851547)	(57.0, 5.204046394501787)	(58.0, 4.89595734715184)	(59.0, 2.7080343319255986)	(60.0, 1.570149530930419)	(61.0, 2.038392800228534)	(62.0, 2.4751146051335633)	(63.0, 2.8715510341880544)	(64.0, 3.34030225264003)	(65.0, 3.9037394858996537)	(66.0, 4.473987530349068)	(67.0, 4.891257028925272)	(68.0, 5.120041620352078)	(69.0, 5.291549579021042)	(70.0, 5.412827805165299)	(71.0, 5.473044819644783)	(72.0, 5.433803958955705)	(73.0, 5.164598061623103)	(74.0, 4.824064656347)	(75.0, 4.479896910646092)	(76.0, 3.650838040984629)	(77.0, 2.8033427633020613)	(78.0, 2.290564515373224)	(79.0, 1.8535064624367665)	(80.0, 1.4362512722874317)	(81.0, 1.0574213624956244)	(82.0, 0.7835866890708014)	(83.0, 0.5646105242629067)	(84.0, 0.373893502521896)	(85.0, 0.24345788318128123)	(86.0, 0.15656996101740642)	(87.0, 0.09836328051306012)	(88.0, 0.059208270385197874)	(89.0, 0.03512718796415195)	(90.0, 0.02021780716633267)	(91.0, 0.014172496814049904)	(92.0, 0.010430843187725773)	(93.0, 0.007397456691432407)	(94.0, 0.006224165688149125)	(95.0, 0.006324324676234282)	(96.0, 0.0068179654032254206)	(97.0, 0.008077106967724554)	(98.0, 0.010731320151981248)	(99.0, 0.01696264005356503)	(100.0, 0.09116614179779804)
M145_2_4_1	(0.0, 0.036182613209727814)	(1.0, 0.023886646087334103)	(2.0, 0.00819731141492914)	(3.0, 0.0032802552983442093)	(4.0, 0.001377308005592802)	(5.0, 0.0008317077328458949)	(6.0, 0.0006387515388256473)	(7.0, 0.0005322929490213728)	(8.0, 0.00043248802107986536)	(9.0, 0.0004790636541192355)	(10.0, 0.0005123319634330713)	(11.0, 0.00043248802107986536)	(12.0, 0.0004790636541192355)	(13.0, 0.0005788685820607429)	(14.0, 0.0005655612583352085)	(15.0, 0.0005456002727469071)	(16.0, 0.0005788685820607429)	(17.0, 0.0006587125244139488)	(18.0, 0.0007984394235320591)	(19.0, 0.0009714346319640053)	(20.0, 0.0010978542073565812)	(21.0, 0.001210966459023623)	(22.0, 0.0012575420920629932)	(23.0, 0.001164390825984253)	(24.0, 0.001164390825984253)	(25.0, 0.0011510835022587186)	(26.0, 0.0010978542073565812)	(27.0, 0.0012242737827491573)	(28.0, 0.0013174250488278976)	(29.0, 0.0013506933581417333)	(30.0, 0.0014771129335343094)	(31.0, 0.0016434544801034884)	(32.0, 0.0015902251852013512)	(33.0, 0.0014837665953970766)	(34.0, 0.0016368008182407212)	(35.0, 0.001916254616476942)	(36.0, 0.0018896399690258735)	(37.0, 0.00170999109873116)	(38.0, 0.0021491327816737927)	(39.0, 0.0025949281264791924)	(40.0, 0.003007455161970756)	(41.0, 0.00341998219746232)	(42.0, 0.0033534455788346487)	(43.0, 0.003626245715208102)	(44.0, 0.004211767959131612)	(45.0, 0.004883787807271095)	(46.0, 0.005841915115509566)	(47.0, 0.006973037632179983)	(48.0, 0.008277155357282347)	(49.0, 0.014611441450636682)	(50.0, 0.026175505768126005)	(51.0, 0.03936971724199328)	(52.0, 0.055857491337930304)	(53.0, 0.08771522433685947)	(54.0, 0.13476992103034882)	(55.0, 0.20190536922566946)	(56.0, 0.2793673006320047)	(57.0, 0.38655113957932086)	(58.0, 0.5958088051633481)	(59.0, 1.044744678367974)	(60.0, 3.471115588877686)	(61.0, 5.5950908750483554)	(62.0, 5.114982596016666)	(63.0, 5.352185641424315)	(64.0, 5.270418790792769)	(65.0, 4.308512202616247)	(66.0, 4.146362463020611)	(67.0, 4.4614399668700875)	(68.0, 4.984457711254763)	(69.0, 5.261556113191563)	(70.0, 5.424564175167497)	(71.0, 5.67444910008558)	(72.0, 5.997311388314493)	(73.0, 5.902969116762318)	(74.0, 5.175650684881377)	(75.0, 4.398223525511936)	(76.0, 3.715371515859868)	(77.0, 3.03432264857261)	(78.0, 2.515157374406477)	(79.0, 2.0391477510822513)	(80.0, 1.5375015686007842)	(81.0, 1.1275361929263856)	(82.0, 0.8280349114976474)	(83.0, 0.5819958031362434)	(84.0, 0.3874493839307944)	(85.0, 0.24669116722395523)	(86.0, 0.15321387171393938)	(87.0, 0.10005776709229254)	(88.0, 0.06460040302560635)	(89.0, 0.036655023201984285)	(90.0, 0.023427543418803168)	(91.0, 0.016893647469565818)	(92.0, 0.010412980815230604)	(93.0, 0.005635651597763784)	(94.0, 0.0027280013637345354)	(95.0, 0.0018097960266726673)	(96.0, 0.001863025321574805)	(97.0, 0.0021291717960854914)	(98.0, 0.0023088206663802045)	(99.0, 0.002135825457948258)	(100.0, 0.0010712395599055127)
M145_2_4_2	(0.0, 0.013330724897119697)	(1.0, 0.013324066193374883)	(2.0, 0.014123110642752686)	(3.0, 0.011839175258281131)	(4.0, 0.005779754850499449)	(5.0, 0.0019177066785067297)	(6.0, 0.0008123618568674342)	(7.0, 0.0005193788920955727)	(8.0, 0.0003395938909855667)	(9.0, 0.00017978500111000593)	(10.0, 0.00017312629736519088)	(11.0, 0.0002130785198340811)	(12.0, 0.0003129590760063066)	(13.0, 0.000805703153122619)	(14.0, 0.0015048670463281978)	(15.0, 0.0020309046421685853)	(16.0, 0.002843266499036019)	(17.0, 0.004141713729274951)	(18.0, 0.0061060313339953865)	(19.0, 0.008842758573114366)	(20.0, 0.010886980622772581)	(21.0, 0.01269814804136227)	(22.0, 0.012491728225273002)	(23.0, 0.009755000986154025)	(24.0, 0.007351208934275797)	(25.0, 0.005213765032190172)	(26.0, 0.0032960583536834416)	(27.0, 0.0018378022335689493)	(28.0, 0.000972170746742995)	(29.0, 0.0006925051894607635)	(30.0, 0.0010254403767015151)	(31.0, 0.0010387577841911454)	(32.0, 0.0007124813006952086)	(33.0, 0.000785727041888174)	(34.0, 0.0009055837092948446)	(35.0, 0.0009521946355085498)	(36.0, 0.0009388772280189198)	(37.0, 0.0011253209328737407)	(38.0, 0.0012118840815563362)	(39.0, 0.0012518363040252263)	(40.0, 0.0015448192687970881)	(41.0, 0.0020175872346789555)	(42.0, 0.002170737420809701)	(43.0, 0.0023904746443885972)	(44.0, 0.003302717057428257)	(45.0, 0.004348133545364217)	(46.0, 0.0054268435520242525)	(47.0, 0.006385696891277617)	(48.0, 0.0100546426546707)	(49.0, 0.02043556179283734)	(50.0, 0.03509136873517523)	(51.0, 0.04560546194823817)	(52.0, 0.05756449387392597)	(53.0, 0.09400757946929865)	(54.0, 0.198069801593268)	(55.0, 0.7862464207802696)	(56.0, 2.732632136315918)	(57.0, 4.658009641536674)	(58.0, 4.368109656598662)	(59.0, 2.4387502465385063)	(60.0, 1.5487811975252528)	(61.0, 2.0080386535088905)	(62.0, 2.4959218768914884)	(63.0, 2.911717973532718)	(64.0, 3.4379886240041744)	(65.0, 4.108220449438531)	(66.0, 4.666139918809094)	(67.0, 4.999075106049846)	(68.0, 5.206919884740502)	(69.0, 5.412221038600639)	(70.0, 5.576391379429054)	(71.0, 5.650189793032839)	(72.0, 5.585999888932822)	(73.0, 5.311155233161837)	(74.0, 4.974298069415388)	(75.0, 4.593346969470775)	(76.0, 3.72595758485619)	(77.0, 2.868416423080186)	(78.0, 2.3349810073793087)	(79.0, 1.878959681415651)	(80.0, 1.457157433996598)	(81.0, 1.078516904251436)	(82.0, 0.7997236371597752)	(83.0, 0.5741267542854418)	(84.0, 0.38051828420119993)	(85.0, 0.24885573505497227)	(86.0, 0.16160673988666086)	(87.0, 0.10223107859414521)	(88.0, 0.06159300963953907)	(89.0, 0.03604356337068378)	(90.0, 0.020668616423905863)	(91.0, 0.014902178980896047)	(92.0, 0.010514093213062937)	(93.0, 0.007124813006952086)	(94.0, 0.005486771885727588)	(95.0, 0.00502732132733535)	(96.0, 0.005053956142314611)	(97.0, 0.006139324852719461)	(98.0, 0.008416601533446203)	(99.0, 0.012758076375065605)	(100.0, 0.07236679229864978)
M145_3_2_1	(0.0, 0.07232265275943851)	(1.0, 0.04258930296035237)	(2.0, 0.008505194628364793)	(3.0, 0.0028625077974839064)	(4.0, 0.0010766069149828852)	(5.0, 0.0005319704756386021)	(6.0, 0.00037997891117043)	(7.0, 0.0002596522559664605)	(8.0, 0.000189989455585215)	(9.0, 0.00013299261890965052)	(10.0, 0.00011399367335112901)	(11.0, 0.000101327709645448)	(12.0, 0.00012665963705681002)	(13.0, 0.00013299261890965052)	(14.0, 7.599578223408601e-05)	(15.0, 5.0663854822724e-05)	(16.0, 7.599578223408601e-05)	(17.0, 8.866174593976701e-05)	(18.0, 8.23287640869265e-05)	(19.0, 0.0001076606914982885)	(20.0, 0.0001076606914982885)	(21.0, 6.966280038124552e-05)	(22.0, 8.866174593976701e-05)	(23.0, 0.00015199156446817202)	(24.0, 0.0001456585826153315)	(25.0, 0.0001076606914982885)	(26.0, 0.00012032665520396952)	(27.0, 0.00012665963705681002)	(28.0, 0.00015199156446817202)	(29.0, 0.0002469862922607795)	(30.0, 0.00031031611078918456)	(31.0, 0.00030398312893634404)	(32.0, 0.00033564803820054654)	(33.0, 0.00041164382043463256)	(34.0, 0.0005889673123141666)	(35.0, 0.0006776290582539336)	(36.0, 0.000595300294167007)	(37.0, 0.0006206322215783691)	(38.0, 0.00075995782234086)	(39.0, 0.0008929504412505105)	(40.0, 0.0010006111327487991)	(41.0, 0.0013679240802135482)	(42.0, 0.0018872285921464691)	(43.0, 0.0019442254288220338)	(44.0, 0.002083551029584525)	(45.0, 0.00252685975928336)	(46.0, 0.0035844677287077235)	(47.0, 0.004920726899657069)	(48.0, 0.00607966257872688)	(49.0, 0.009949114490812426)	(50.0, 0.017263708530843205)	(51.0, 0.027257153894625512)	(52.0, 0.03961913447137017)	(53.0, 0.062025224266719865)	(54.0, 0.10547581275905855)	(55.0, 0.26822711339520655)	(56.0, 0.3583771100703911)	(57.0, 0.4190597421843088)	(58.0, 0.7630546504668991)	(59.0, 1.3508883590294072)	(60.0, 3.85878083766351)	(61.0, 6.457792259196281)	(62.0, 5.762171199498428)	(63.0, 5.723001706738609)	(64.0, 5.561529668436735)	(65.0, 4.077667689443236)	(66.0, 3.8603260852356027)	(67.0, 4.055388259284943)	(68.0, 4.4142783408854145)	(69.0, 4.648858321696479)	(70.0, 4.849480853812613)	(71.0, 5.167960178210109)	(72.0, 5.553334789919159)	(73.0, 5.5303017349203785)	(74.0, 5.020775346968243)	(75.0, 4.516714322355109)	(76.0, 3.9292985905948887)	(77.0, 3.239079564417508)	(78.0, 2.6704094589416956)	(79.0, 2.155639362015408)	(80.0, 1.6407109405428)	(81.0, 1.2040391758257416)	(82.0, 0.865572960700681)	(83.0, 0.5988910948775676)	(84.0, 0.3955200486373006)	(85.0, 0.25443387891971997)	(86.0, 0.1580078972283705)	(87.0, 0.09874385304948909)	(88.0, 0.0596693550174632)	(89.0, 0.032595857596570056)	(90.0, 0.01896094766740446)	(91.0, 0.01200100061113275)	(92.0, 0.00721959931223817)	(93.0, 0.004154436095463368)	(94.0, 0.0024255320496379116)	(95.0, 0.0020645520840260035)	(96.0, 0.0020075552473504386)	(97.0, 0.0018935615739993099)	(98.0, 0.002083551029584525)	(99.0, 0.0020012222654975983)	(100.0, 0.0010006111327487991)
M145_3_2_2	(0.0, 0.028131081967811652)	(1.0, 0.02342777804259393)	(2.0, 0.021925509807719807)	(3.0, 0.01933298783276826)	(4.0, 0.008886835718538065)	(5.0, 0.002693940927516889)	(6.0, 0.0007733195133107305)	(7.0, 0.0003613050185140298)	(8.0, 0.0002598860659486881)	(9.0, 0.0002155152742013511)	(10.0, 0.00017748316698934798)	(11.0, 0.00013945105977734485)	(12.0, 0.00015846711338334638)	(13.0, 0.0005324495009680439)	(14.0, 0.001140963216360094)	(15.0, 0.0018445571997821521)	(16.0, 0.0027890211955468964)	(17.0, 0.003771517298523644)	(18.0, 0.005926670040537155)	(19.0, 0.00869667518247805)	(20.0, 0.010122879202928169)	(21.0, 0.011612470068731624)	(22.0, 0.01094690819252157)	(23.0, 0.008411434378388026)	(24.0, 0.006617586654888546)	(25.0, 0.004189870477855679)	(26.0, 0.002256571694578853)	(27.0, 0.0011663179545014295)	(28.0, 0.0005387881855033777)	(29.0, 0.00029791817316069123)	(30.0, 0.00029791817316069123)	(31.0, 0.0003422889649080282)	(32.0, 0.0003105955422313589)	(33.0, 0.0004310305484027022)	(34.0, 0.0005134334473620423)	(35.0, 0.0005007560782913747)	(36.0, 0.0005197721318973762)	(37.0, 0.0005894976617860486)	(38.0, 0.0006338684535333855)	(39.0, 0.0009824961029767476)	(40.0, 0.0015086069194094576)	(41.0, 0.0018192024616408167)	(42.0, 0.0021297980038721756)	(43.0, 0.002370668016214862)	(44.0, 0.002896778832647572)	(45.0, 0.0036193888696756317)	(46.0, 0.0045194820736930395)	(47.0, 0.005945686094143157)	(48.0, 0.007891662246490651)	(49.0, 0.013754945441674467)	(50.0, 0.025354738141335424)	(51.0, 0.03693551478739038)	(52.0, 0.047863406926305946)	(53.0, 0.07677414709196367)	(54.0, 0.18529876502141462)	(55.0, 0.973748718317987)	(56.0, 3.537822677074956)	(57.0, 5.858662294157559)	(58.0, 5.578213535576247)	(59.0, 3.0754473336450276)	(60.0, 1.607832687125574)	(61.0, 2.0797477507811792)	(62.0, 2.4833001017232093)	(63.0, 2.8212153743018575)	(64.0, 3.1340421334896535)	(65.0, 3.616961153498599)	(66.0, 4.195011151013834)	(67.0, 4.596180156570579)	(68.0, 4.789129713826141)	(69.0, 4.8945864084404915)	(70.0, 5.071961817792738)	(71.0, 5.183890309317663)	(72.0, 5.149205027540316)	(73.0, 4.997647080300484)	(74.0, 4.779196995159273)	(75.0, 4.492777195745678)	(76.0, 3.803026899348789)	(77.0, 3.050029208658339)	(78.0, 2.4968585479442886)	(79.0, 2.0002099372318103)	(80.0, 1.5343419786229133)	(81.0, 1.1323742988147167)	(82.0, 0.8174304189921187)	(83.0, 0.562602623302627)	(84.0, 0.3648863752764934)	(85.0, 0.23123521184897905)	(86.0, 0.1452509561271753)	(87.0, 0.08974309565125674)	(88.0, 0.05326396615041039)	(89.0, 0.03002000995934114)	(90.0, 0.017298270096926093)	(91.0, 0.011067343198692913)	(92.0, 0.007638114865077297)	(93.0, 0.00598371820135516)	(94.0, 0.005235753426185765)	(95.0, 0.004975867360237076)	(96.0, 0.005311817640609771)	(97.0, 0.006351361904404523)	(98.0, 0.008290999372216683)	(99.0, 0.012728078546950383)	(100.0, 0.07611492390028894)
M145_3_3_1	(0.0, 0.06603615139208598)	(1.0, 0.04049983831042271)	(2.0, 0.010236074863957851)	(3.0, 0.003670171579511203)	(4.0, 0.0013333834362260885)	(5.0, 0.0006666917181130443)	(6.0, 0.0003771185476194998)	(7.0, 0.00022223057270434808)	(8.0, 0.0001885592738097499)	(9.0, 0.00015488797491515168)	(10.0, 0.00016835649447299097)	(11.0, 0.00021549631292542843)	(12.0, 0.00020876205314650882)	(13.0, 0.00014815371513623207)	(14.0, 0.0001414194553573124)	(15.0, 0.00013468519557839278)	(16.0, 8.081111734703566e-05)	(17.0, 9.427963690487495e-05)	(18.0, 9.427963690487495e-05)	(19.0, 0.0001414194553573124)	(20.0, 0.00016162223469407132)	(21.0, 0.00013468519557839278)	(22.0, 0.0001885592738097499)	(23.0, 0.0001885592738097499)	(24.0, 0.00013468519557839278)	(25.0, 0.00016835649447299097)	(26.0, 0.0002559018715989463)	(27.0, 0.00033671298894598193)	(28.0, 0.00043099262585085687)	(29.0, 0.0003973213269562587)	(30.0, 0.0003771185476194998)	(31.0, 0.0005185380029768122)	(32.0, 0.0006666917181130443)	(33.0, 0.0007744398745757584)	(34.0, 0.0008148454332492762)	(35.0, 0.0008417824723649549)	(36.0, 0.0009562648886065888)	(37.0, 0.001043810265732544)	(38.0, 0.0009629991483855084)	(39.0, 0.0010774815646271423)	(40.0, 0.0013535862155628472)	(41.0, 0.001602753827382874)	(42.0, 0.0018788584783185794)	(43.0, 0.002222305727043481)	(44.0, 0.0024445362997478287)	(45.0, 0.0027879835484727307)	(46.0, 0.0035691576828274087)	(47.0, 0.004545625350770756)	(48.0, 0.005596169876282219)	(49.0, 0.008929628466847441)	(50.0, 0.014067868678163125)	(51.0, 0.02123985534271254)	(52.0, 0.0309977977623671)	(53.0, 0.049624760310858815)	(54.0, 0.08223878042016662)	(55.0, 0.19783908378510118)	(56.0, 0.27159943114360796)	(57.0, 0.3365715694906246)	(58.0, 0.6856082538320295)	(59.0, 1.3371411531827258)	(60.0, 4.753350327911312)	(61.0, 8.186725130816363)	(62.0, 7.033947807601121)	(63.0, 6.458916099338952)	(64.0, 6.036873304734279)	(65.0, 4.459265203365891)	(66.0, 4.041646817435969)	(67.0, 3.970364677676104)	(68.0, 4.275918246625024)	(69.0, 4.402010526725516)	(70.0, 4.487333598124428)	(71.0, 4.7561113744206684)	(72.0, 5.1766658976142)	(73.0, 5.161338722357379)	(74.0, 4.589350899515281)	(75.0, 4.046508952996349)	(76.0, 3.465517424829835)	(77.0, 2.8002062299714696)	(78.0, 2.281876989047804)	(79.0, 1.838500059463514)	(80.0, 1.3924428944872138)	(81.0, 1.0227657039234201)	(82.0, 0.7384856616161065)	(83.0, 0.5096420458088594)	(84.0, 0.33744028900210526)	(85.0, 0.21695091303767505)	(86.0, 0.13493436319021282)	(87.0, 0.08747130026838719)	(88.0, 0.05338921152727489)	(89.0, 0.028815897593997136)	(90.0, 0.017488872645854303)	(91.0, 0.011778220353330449)	(92.0, 0.007353811678580245)	(93.0, 0.0044580799736448)	(94.0, 0.002814920587588409)	(95.0, 0.0023973964812953916)	(96.0, 0.002370459442179713)	(97.0, 0.0025590187159894627)	(98.0, 0.003023682640734918)	(99.0, 0.002700438171346775)	(100.0, 0.0011852297210898565)
M145_3_3_2	(0.0, 0.028065264005570998)	(1.0, 0.024405456523576508)	(2.0, 0.021682505837157036)	(3.0, 0.017631779692260742)	(4.0, 0.008195811967044747)	(5.0, 0.002507271424128821)	(6.0, 0.000869457026109188)	(7.0, 0.0002965589856496455)	(8.0, 0.0001684994236645713)	(9.0, 0.0001954593314509027)	(10.0, 0.0001684994236645713)	(11.0, 0.00013479953893165704)	(12.0, 0.000181979377557737)	(13.0, 0.0007481374410706965)	(14.0, 0.0014288751126755646)	(15.0, 0.0020691729226009355)	(16.0, 0.0028173103636716323)	(17.0, 0.004050726144896294)	(18.0, 0.006611917384597778)	(19.0, 0.009415747794376244)	(20.0, 0.010783963114532563)	(21.0, 0.011963459080184563)	(22.0, 0.010757003206746232)	(23.0, 0.007905992958341684)	(24.0, 0.006052499298031401)	(25.0, 0.0038620067903919744)	(26.0, 0.002177012553746261)	(27.0, 0.0010244764958805934)	(28.0, 0.0004313585245813025)	(29.0, 0.00028981900870306266)	(30.0, 0.00034373882427572543)	(31.0, 0.00047179838626079966)	(32.0, 0.0006065979251924567)	(33.0, 0.0006470377868719538)	(34.0, 0.0007413974641241137)	(35.0, 0.0008087972335899422)	(36.0, 0.0007885773027501936)	(37.0, 0.0009166368647352678)	(38.0, 0.000957076726414765)	(39.0, 0.0009435967725215993)	(40.0, 0.0013951752279426504)	(41.0, 0.002021993083974856)	(42.0, 0.0021635325998530953)	(43.0, 0.0021298327151201813)	(44.0, 0.002810570386725049)	(45.0, 0.003457608173597003)	(46.0, 0.0038350468826056426)	(47.0, 0.004738203793447745)	(48.0, 0.006739976946582852)	(49.0, 0.011943239149344814)	(50.0, 0.02030081056310755)	(51.0, 0.029804178057789368)	(52.0, 0.04081730038850575)	(53.0, 0.06613265379987095)	(54.0, 0.17382400545237175)	(55.0, 1.0174466999253076)	(56.0, 4.1856065635513096)	(57.0, 7.289264847798514)	(58.0, 6.961156030061915)	(59.0, 3.6852171950831063)	(60.0, 1.7050524080387435)	(61.0, 2.1432857091055606)	(62.0, 2.594891124434398)	(63.0, 2.9769399776745002)	(64.0, 3.324695828210389)	(65.0, 3.870330661921004)	(66.0, 4.445951653066966)	(67.0, 4.735683042069723)	(68.0, 4.755357034776798)	(69.0, 4.705447505487352)	(70.0, 4.755795133278326)	(71.0, 4.785316232304359)	(72.0, 4.70827155582797)	(73.0, 4.522949149704728)	(74.0, 4.296256765083361)	(75.0, 4.041438456663903)	(76.0, 3.3306404878772753)	(77.0, 2.5706272074267)	(78.0, 2.082032798615016)	(79.0, 1.6604068007445787)	(80.0, 1.2689219797792604)	(81.0, 0.9346326031826441)	(82.0, 0.6793627163077651)	(83.0, 0.4715961869524022)	(84.0, 0.30301588356447184)	(85.0, 0.1942461356005178)	(86.0, 0.12370553687758166)	(87.0, 0.0764043786664632)	(88.0, 0.0468495797556974)	(89.0, 0.02618481043747438)	(90.0, 0.01463248995103137)	(91.0, 0.010393044451630758)	(92.0, 0.007771193419410028)	(93.0, 0.0058637799435270815)	(94.0, 0.005344801718640202)	(95.0, 0.005540261050091104)	(96.0, 0.005850299989633915)	(97.0, 0.006814116692995263)	(98.0, 0.008903509546435947)	(99.0, 0.01342603407759304)	(100.0, 0.0742475860435567)
M145_3_4_1	(0.0, 0.08518240662635805)	(1.0, 0.04938825506457439)	(2.0, 0.009106130824198026)	(3.0, 0.0029805620079203466)	(4.0, 0.001007224402676531)	(5.0, 0.0006029642682689437)	(6.0, 0.0004316676011470847)	(7.0, 0.0003494452009285924)	(8.0, 0.0002946302674495975)	(9.0, 0.00018500040049160773)	(10.0, 0.00015074106706723593)	(11.0, 0.00019870413386135645)	(12.0, 0.00016444480043698465)	(13.0, 0.0001233336003277385)	(14.0, 0.0001575929337521103)	(15.0, 0.00013018546701261285)	(16.0, 8.222240021849233e-05)	(17.0, 6.166680016386925e-05)	(18.0, 8.907426690336668e-05)	(19.0, 0.0001027780002731154)	(20.0, 0.00011648173364286412)	(21.0, 0.00014388920038236157)	(22.0, 0.00013018546701261285)	(23.0, 0.00015074106706723593)	(24.0, 0.00015074106706723593)	(25.0, 0.00018500040049160773)	(26.0, 0.0002398153339706026)	(27.0, 0.0002261116006008539)	(28.0, 0.0002809265340798488)	(29.0, 0.0003083340008193462)	(30.0, 0.0004796306679412052)	(31.0, 0.0006098161349538181)	(32.0, 0.0005344456014202001)	(33.0, 0.0005275937347353258)	(34.0, 0.000589260534899195)	(35.0, 0.0006303717350084412)	(36.0, 0.0007125941352269335)	(37.0, 0.0009044464024034156)	(38.0, 0.0010140762693614052)	(39.0, 0.001048335602785777)	(40.0, 0.001212780403222762)	(41.0, 0.00144574387050849)	(42.0, 0.0014937069373026106)	(43.0, 0.001767781604697585)	(44.0, 0.0019664857385589415)	(45.0, 0.0022885234727480362)	(46.0, 0.0032546366753153214)	(47.0, 0.004652417479029691)	(48.0, 0.006070753882798683)	(49.0, 0.008982797223870288)	(50.0, 0.013772252036597465)	(51.0, 0.020302080987282728)	(52.0, 0.032738219020329695)	(53.0, 0.052176964805318256)	(54.0, 0.087039262497959)	(55.0, 0.2632281624328183)	(56.0, 0.3587294802865971)	(57.0, 0.40581550814505374)	(58.0, 0.7700196299128655)	(59.0, 1.4442090523710782)	(60.0, 4.532790738578469)	(61.0, 7.486596207094381)	(62.0, 6.362472106907209)	(63.0, 6.163733713712428)	(64.0, 6.027155455082828)	(65.0, 4.23827010099583)	(66.0, 3.7445588470172075)	(67.0, 3.854825937576891)	(68.0, 4.132237464047399)	(69.0, 4.263889230530575)	(70.0, 4.397007296484314)	(71.0, 4.802103358627456)	(72.0, 5.429234160693952)	(73.0, 5.473010736943614)	(74.0, 4.811271156251818)	(75.0, 4.255557360641768)	(76.0, 3.7009535674346674)	(77.0, 3.0321017491239717)	(78.0, 2.499554114775482)	(79.0, 2.0252199397816844)	(80.0, 1.5498853922518956)	(81.0, 1.1461459997123586)	(82.0, 0.8306655019406886)	(83.0, 0.5774547686011565)	(84.0, 0.3818750859481027)	(85.0, 0.24322071171298518)	(86.0, 0.1502203251991855)	(87.0, 0.09522039131969899)	(88.0, 0.057178827485276536)	(89.0, 0.031669327817489296)	(90.0, 0.018294484048614543)	(91.0, 0.01134669123015194)	(92.0, 0.007002607751941596)	(93.0, 0.004782602946042303)	(94.0, 0.003316303475479191)	(95.0, 0.002836672807537985)	(96.0, 0.0029188952077564777)	(97.0, 0.0032957478754245674)	(98.0, 0.00397408267722713)	(99.0, 0.003569822542819542)	(100.0, 0.0016444480043698465)
M145_3_4_2	(0.0, 0.033894025001884334)	(1.0, 0.02745402308428632)	(2.0, 0.024251168030486242)	(3.0, 0.02153525667865577)	(4.0, 0.010609886013337731)	(5.0, 0.00357320660177696)	(6.0, 0.0010218959379362134)	(7.0, 0.0004046433579747422)	(8.0, 0.00026061775598373225)	(9.0, 0.00025375939398416034)	(10.0, 0.00023318430798544465)	(11.0, 0.00016460068798972564)	(12.0, 0.00015774232599015373)	(13.0, 0.0005829607699636116)	(14.0, 0.0011590631779276512)	(15.0, 0.0019134829978805603)	(16.0, 0.0030313960038107803)	(17.0, 0.004451076937722164)	(18.0, 0.006700619673581747)	(19.0, 0.0091284798214302)	(20.0, 0.010294401361357425)	(21.0, 0.011912974793256393)	(22.0, 0.010966520837315469)	(23.0, 0.007955699919503406)	(24.0, 0.00638513502160144)	(25.0, 0.004313909697730726)	(26.0, 0.002681619541832613)	(27.0, 0.0013853891239135239)	(28.0, 0.0005418105979661801)	(29.0, 0.00039092663397559835)	(30.0, 0.0005143771499678926)	(31.0, 0.0005075187879683207)	(32.0, 0.00038406827197602644)	(33.0, 0.0004526518919717455)	(34.0, 0.0005212355119674645)	(35.0, 0.0005623856839648959)	(36.0, 0.0007201280099550496)	(37.0, 0.0007955699919503405)	(38.0, 0.0007544198199529092)	(39.0, 0.0009395955939413504)	(40.0, 0.0012002133499250827)	(41.0, 0.0015499898119032494)	(42.0, 0.001920341359880132)	(43.0, 0.0021260922198672893)	(44.0, 0.002681619541832613)	(45.0, 0.0033674557417898037)	(46.0, 0.004307051335731154)	(47.0, 0.005809032613637401)	(48.0, 0.00764707362952267)	(49.0, 0.011981558413252111)	(50.0, 0.019717790748769216)	(51.0, 0.029216622118176296)	(52.0, 0.04010770097349648)	(53.0, 0.06492811304994718)	(54.0, 0.18049151274273373)	(55.0, 1.1117541968546043)	(56.0, 4.262766892299918)	(57.0, 7.089571099301469)	(58.0, 6.5705851300698646)	(59.0, 3.4372052833254494)	(60.0, 1.6091706175975555)	(61.0, 2.062192861117278)	(62.0, 2.450863093995017)	(63.0, 2.710637271452802)	(64.0, 3.010718042382071)	(65.0, 3.5326325321874927)	(66.0, 4.102000028667953)	(67.0, 4.478729853304437)	(68.0, 4.614230511329979)	(69.0, 4.619545741879648)	(70.0, 4.698183720566739)	(71.0, 4.80182042874227)	(72.0, 4.830152322162502)	(73.0, 4.735623518722402)	(74.0, 4.6008978556028115)	(75.0, 4.4046183935370635)	(76.0, 3.670986268804857)	(77.0, 2.860794249071429)	(78.0, 2.3322957317464184)	(79.0, 1.8698775322872823)	(80.0, 1.4495696755055179)	(81.0, 1.0842590235983207)	(82.0, 0.7845897543890259)	(83.0, 0.5408092771142426)	(84.0, 0.34941982715418923)	(85.0, 0.2222795124061253)	(86.0, 0.14165946710115762)	(87.0, 0.08716292265255929)	(88.0, 0.05246646929672504)	(89.0, 0.030204226246114654)	(90.0, 0.018387268520852266)	(91.0, 0.013421814433162212)	(92.0, 0.010328693171355282)	(93.0, 0.008326051467480288)	(94.0, 0.007413889321537225)	(95.0, 0.00804485862549784)	(96.0, 0.009114763097431056)	(97.0, 0.011131121525305196)	(98.0, 0.014299684769107413)	(99.0, 0.01854501084684242)	(100.0, 0.07989991729501264)
