Sample	0	1	2	3	4	5	6	7	8	9	10	11	12	13	14	15
M145_1_1_1	(1.0, 27.87714915687152)	(2.0, 10.721447962378534)	(3.0, 5.918434574725589)	(4.0, 3.929539985846262)	(5.0, 3.060078213270594)	(6.0, 2.3272808329743375)	(7.0, 1.9613882008148298)	(8.0, 1.628343702262058)	(9.0, 1.4045569659090835)	('>10', 17.120787750243544)	('>50', 5.704395121409987)	('>100', 8.054146087304828)	('>500', 1.968270665656675)	('>1k', 4.452341886408646)	('>5k', 0.8217873607432076)	('>10k+', 3.050051533180355)
M145_1_1_2	(1.0, 20.62186838989455)	(2.0, 8.597099618942973)	(3.0, 5.4849461815603835)	(4.0, 3.9048316381126007)	(5.0, 3.0543746983531324)	(6.0, 2.491247892532953)	(7.0, 2.048921053794136)	(8.0, 1.730399152505192)	(9.0, 1.5269424325679637)	('>10', 20.669924377285838)	('>50', 7.716859816468558)	('>100', 10.161207000939445)	('>500', 1.9060656845405688)	('>1k', 5.247408114240847)	('>5k', 2.026378732884603)	('>10k+', 2.8115252153762875)
M145_1_2_1	(1.0, 28.26323516859474)	(2.0, 10.938069777488533)	(3.0, 5.933387012210782)	(4.0, 3.986468484345281)	(5.0, 2.9656920228903303)	(6.0, 2.3646529321091023)	(7.0, 1.982852853741957)	(8.0, 1.5625464780144123)	(9.0, 1.3982474796035458)	('>10', 17.06594877377274)	('>50', 5.632597561957273)	('>100', 8.039513349363919)	('>500', 1.8920880292703626)	('>1k', 4.205877368420042)	('>5k', 0.7892714399612023)	('>10k+', 2.9795512682558116)
M145_1_2_2	(1.0, 20.687271644572952)	(2.0, 8.853778606722983)	(3.0, 5.411243121953809)	(4.0, 3.898627900407798)	(5.0, 3.055364285364615)	(6.0, 2.4789792768061303)	(7.0, 2.0808755068238813)	(8.0, 1.7794829779024919)	(9.0, 1.5685032498831402)	('>10', 20.954960572999326)	('>50', 7.646698462947178)	('>100', 9.901002111482246)	('>500', 1.876595676791792)	('>1k', 5.180067140717035)	('>5k', 1.8589006399721317)	('>10k+', 2.7676488246525315)
M145_1_3_1	(1.0, 24.78136433418665)	(2.0, 10.432610530936596)	(3.0, 5.765043884461698)	(4.0, 3.994716051068134)	(5.0, 3.075949203152826)	(6.0, 2.2690576050967604)	(7.0, 1.9546609428745505)	(8.0, 1.644089487525036)	(9.0, 1.4702842523698907)	('>10', 17.584127538321276)	('>50', 6.002424155655228)	('>100', 9.444747293711542)	('>500', 2.152956990246448)	('>1k', 4.573291802389039)	('>5k', 1.4192255672719962)	('>10k+', 3.435450360732337)
M145_1_3_2	(1.0, 18.027027314040904)	(2.0, 8.059894368753378)	(3.0, 5.183923796552238)	(4.0, 3.7569860766063017)	(5.0, 2.931494063988603)	(6.0, 2.3574494157614994)	(7.0, 2.0167712209275956)	(8.0, 1.756713980016381)	(9.0, 1.5596619332778565)	('>10', 20.725192407493527)	('>50', 8.045852029741111)	('>100', 12.093441772160105)	('>500', 2.2112630983150354)	('>1k', 4.918384471508461)	('>5k', 2.777581677011243)	('>10k+', 3.578362373845763)
M145_2_1_1	(1.0, 26.087091043440275)	(2.0, 10.90371808337441)	(3.0, 5.843011757325846)	(4.0, 3.932422786645693)	(5.0, 2.919393137042035)	(6.0, 2.2516569375950533)	(7.0, 1.8630435574292856)	(8.0, 1.5432606463625032)	(9.0, 1.3274460359983409)	('>10', 14.127361920024622)	('>50', 3.3323617077302234)	('>100', 5.405127076723973)	('>500', 2.033220696431176)	('>1k', 5.720625686521257)	('>5k', 3.7254638871690635)	('>10k+', 8.984795040186151)
M145_2_1_2	(1.0, 18.737690610378323)	(2.0, 8.616956499864186)	(3.0, 5.530528552226696)	(4.0, 3.9517078037969173)	(5.0, 3.1712478553555687)	(6.0, 2.597660639082079)	(7.0, 2.1959338467806644)	(8.0, 1.8764404060487465)	(9.0, 1.6397332287801534)	('>10', 18.722131852425026)	('>50', 4.360868690906024)	('>100', 5.739743806221083)	('>500', 1.4278680731610305)	('>1k', 5.642382351252971)	('>5k', 4.277532214958491)	('>10k+', 11.511573568761996)
M145_2_3_1	(1.0, 24.82637136786131)	(2.0, 10.168316111824314)	(3.0, 5.73016716859218)	(4.0, 3.737127096119383)	(5.0, 2.8243347603535316)	(6.0, 2.2080199718389584)	(7.0, 1.9217717384649724)	(8.0, 1.4667288146816417)	(9.0, 1.2972319676796715)	('>10', 14.407969689154454)	('>50', 3.643761103271717)	('>100', 5.706088778114136)	('>500', 2.179227632098535)	('>1k', 6.2238298720732645)	('>5k', 4.160457993521006)	('>10k+', 9.498595934350886)
M145_2_3_2	(1.0, 18.029211222418176)	(2.0, 8.298475582417119)	(3.0, 5.272243032068022)	(4.0, 3.9001690348724063)	(5.0, 3.1574719082461717)	(6.0, 2.5812903120774817)	(7.0, 2.245411025809855)	(8.0, 1.8803460874065516)	(9.0, 1.6185688015099813)	('>10', 18.623800371213868)	('>50', 4.345966793347556)	('>100', 5.3328448572738045)	('>500', 1.5273543719788931)	('>1k', 5.830590853001706)	('>5k', 5.48315250741653)	('>10k+', 11.873103238941955)
M145_2_4_1	(1.0, 24.040694465923504)	(2.0, 9.918080036395326)	(3.0, 5.62189866306631)	(4.0, 3.870307657199542)	(5.0, 2.9371287058309323)	(6.0, 2.2892630236548537)	(7.0, 1.945999889922912)	(8.0, 1.5948640194854626)	(9.0, 1.315879855238344)	('>10', 16.061726618480606)	('>50', 4.018719030473567)	('>100', 6.166610836488494)	('>500', 2.022822824726829)	('>1k', 5.660132281059164)	('>5k', 3.077533705432719)	('>10k+', 9.458338386621394)
M145_2_4_2	(1.0, 17.26979223314391)	(2.0, 8.269625434233447)	(3.0, 5.42950345811717)	(4.0, 4.167017738676117)	(5.0, 3.287407768504779)	(6.0, 2.7180822985025186)	(7.0, 2.304200420581219)	(8.0, 2.0070337747474705)	(9.0, 1.6990621437324351)	('>10', 20.498966108944334)	('>50', 4.553464610722362)	('>100', 5.208206323521593)	('>500', 1.543440243018516)	('>1k', 5.063650111015148)	('>5k', 4.9204536668334)	('>10k+', 11.060093665705596)
M145_3_2_1	(1.0, 29.42884095579102)	(2.0, 11.144824560211884)	(3.0, 5.375148301308746)	(4.0, 3.23567672963454)	(5.0, 2.2961808884037764)	(6.0, 1.7913157931401988)	(7.0, 1.3799180619639906)	(8.0, 1.1980164099940631)	(9.0, 1.0161169626087327)	('>10', 11.229258403324593)	('>50', 2.651934468827082)	('>100', 4.646029744540151)	('>500', 2.0450893030082398)	('>1k', 6.094202557581688)	('>5k', 3.8139512077994544)	('>10k+', 12.653495651861876)
M145_3_2_2	(1.0, 24.46844866410766)	(2.0, 9.718878601492259)	(3.0, 5.140724122387643)	(4.0, 3.389452202871219)	(5.0, 2.486046534135761)	(6.0, 1.9898763419222876)	(7.0, 1.661424543713934)	(8.0, 1.3904677099425997)	(9.0, 1.2078783298873548)	('>10', 13.937113035759474)	('>50', 3.331133799307948)	('>100', 4.560942187226134)	('>500', 1.31030948827681)	('>1k', 5.592090655965739)	('>5k', 4.404938823518909)	('>10k+', 15.4102749594843)
M145_3_3_1	(1.0, 22.665998287341807)	(2.0, 8.800875116035174)	(3.0, 4.668528799928491)	(4.0, 3.124462491021014)	(5.0, 2.298681340752258)	(6.0, 1.827946696301299)	(7.0, 1.398506496718021)	(8.0, 1.2738234627607286)	(9.0, 1.0533338664008978)	('>10', 12.668689957528724)	('>50', 3.2902016423809104)	('>100', 5.534608427239203)	('>500', 2.601856356656615)	('>1k', 7.114919367417897)	('>5k', 4.391765601582995)	('>10k+', 17.285802089934)
M145_3_3_2	(1.0, 17.407035519957986)	(2.0, 7.409734811970613)	(3.0, 4.627208108266941)	(4.0, 3.326166658889893)	(5.0, 2.4996021486735485)	(6.0, 2.048585541264401)	(7.0, 1.7109016038210794)	(8.0, 1.4439497028921875)	(9.0, 1.2982633878015097)	('>10', 15.526642743448491)	('>50', 3.8539558842510306)	('>100', 5.342049877729733)	('>500', 1.4479610811320647)	('>1k', 5.6575801241814165)	('>5k', 4.952929229596222)	('>10k+', 21.447433576122947)
M145_3_4_1	(1.0, 28.397558551857777)	(2.0, 10.029710299103893)	(3.0, 4.727242077975061)	(4.0, 2.9251550815520657)	(5.0, 2.070553123744494)	(6.0, 1.5927215354388222)	(7.0, 1.2570778285466881)	(8.0, 1.1093852800658928)	(9.0, 0.8704068075640488)	('>10', 9.725031823556645)	('>50', 2.4344809243296357)	('>100', 4.934331628785367)	('>500', 2.4541958809181166)	('>1k', 7.38732882562326)	('>5k', 4.227059861970644)	('>10k+', 15.857760468967655)
M145_3_4_2	(1.0, 23.541589402457987)	(2.0, 8.887419334816553)	(3.0, 4.724696339494151)	(4.0, 3.041304944408054)	(5.0, 2.253323835115458)	(6.0, 1.7785092040898534)	(7.0, 1.520610519029685)	(8.0, 1.2549219123888404)	(9.0, 1.0683310873742136)	('>10', 12.214229897301248)	('>50', 2.940988271368137)	('>100', 4.234146772493599)	('>500', 1.3806156343567357)	('>1k', 6.330225543010587)	('>5k', 5.21832313017057)	('>10k+', 19.61076417212439)
